5000
2936 5 37
5744 3 43
3864 3 27
2607 2 23
3483 3 14
370 1 20
1077 1 40
3389 2 45
3946 4 11
1693 1 21
1844 1 20
5851 4 30
5020 1 60
4673 3 41
1728 3 16
640 5 37
2528 5 52
1477 1 52
2848 1 36
3187 2 25
2429 5 20
403 2 22
1973 2 58
5458 1 21
1465 5 13
4743 1 19
545 2 22
3209 1 32
2051 1 44
3421 4 32
138 2 49
5477 5 10
4774 4 13
72 1 16
205 1 14
3108 2 44
2435 1 24
922 5 37
2715 4 21
5765 5 12
1195 3 55
564 4 33
5993 4 35
2909 1 30
55 5 51
4663 5 12
812 1 55
904 4 29
3374 4 52
5834 5 41
5003 5 23
3605 3 15
1111 3 52
4074 2 38
5913 1 39
1923 2 49
1029 3 18
1042 4 54
5107 2 48
728 4 53
2661 5 44
397 2 25
3910 3 55
328 2 46
2882 2 29
2187 1 17
3443 1 47
3217 5 36
315 3 33
418 3 54
4339 1 22
540 2 50
158 3 42
3226 4 21
1599 3 40
3381 5 56
5339 3 21
594 1 60
3444 3 42
886 5 59
5822 1 58
4936 5 59
2702 5 44
1370 1 46
2912 2 60
835 4 17
3668 4 12
300 3 15
3400 5 14
4354 2 55
5085 3 49
3781 2 41
5053 3 53
4635 1 43
179 3 25
5479 2 49
2635 2 56
1125 2 17
2213 2 56
151 3 53
5503 2 32
862 2 11
4923 2 37
390 3 27
4313 4 23
1118 1 28
2289 4 32
2853 1 14
1312 3 53
2869 1 55
1099 1 26
5418 5 13
4137 2 60
5769 5 12
5676 2 47
4900 5 11
4493 4 55
1490 1 10
1918 4 46
3179 5 23
617 3 13
3552 1 14
2252 5 26
4726 4 53
281 3 47
5201 2 17
2925 2 24
2387 4 56
4046 3 27
1800 3 47
2193 2 38
5598 3 26
2409 5 38
1890 2 15
2336 1 52
3174 3 14
4446 1 57
2692 3 37
3134 2 29
3118 5 10
2564 5 53
146 1 56
1933 2 44
5099 5 13
4084 4 38
35 5 59
5922 3 36
188 1 41
321 4 52
3049 4 55
1719 3 45
1222 2 36
4507 4 57
5411 2 39
1194 3 57
4783 1 18
2833 5 23
5731 1 47
1566 2 60
1310 1 32
597 1 31
4266 2 43
227 4 37
3315 3 32
4910 4 26
159 5 43
2593 5 45
947 2 57
2775 2 22
5417 1 47
1446 1 10
132 3 40
3007 1 55
3675 3 52
3232 4 17
4958 5 27
4776 1 57
5356 5 33
1104 2 27
4235 3 12
4302 5 12
5233 1 47
4649 5 43
127 4 29
2698 3 54
1774 1 32
1278 4 53
888 2 28
5392 3 28
1369 3 11
4540 3 34
285 1 54
3613 3 19
410 2 55
5271 4 42
2827 2 36
4779 3 24
246 4 36
1590 2 47
1716 2 32
484 2 54
5877 1 32
5738 4 42
550 3 15
4843 1 14
4756 2 49
2384 4 22
2532 1 13
2670 4 45
2839 2 28
1084 2 53
5257 3 36
4963 2 27
51 5 57
2492 5 49
4574 1 31
1739 1 18
5200 2 44
832 5 26
1930 5 16
1842 3 13
939 1 14
476 1 39
4450 3 35
5056 5 15
4058 3 25
3828 5 45
2018 4 58
120 5 56
234 2 46
1525 2 23
4318 4 39
674 1 47
2028 2 32
4909 5 51
4004 3 37
4654 5 14
5108 1 26
5988 3 54
47 4 33
1847 5 49
3083 3 24
1062 1 37
3945 4 44
4970 3 48
3568 5 44
5569 1 56
5615 2 50
1631 1 41
1363 4 45
1908 5 31
3714 3 42
843 4 26
5874 5 52
4232 3 18
2063 1 35
2567 1 26
2238 4 33
5534 2 55
2169 3 51
3686 3 43
1338 1 14
352 2 48
3990 3 16
4755 3 51
3672 5 22
4568 4 36
3827 3 36
3935 3 55
42 3 31
4417 2 18
262 2 12
2997 1 12
482 5 20
224 4 52
5683 1 54
4216 3 52
3733 3 27
2515 3 51
1004 1 41
5805 3 20
431 2 60
582 3 22
109 2 24
501 2 42
5404 2 20
537 1 56
2096 1 27
2522 5 35
3151 3 32
1989 1 24
1509 4 34
215 2 27
1852 1 31
1539 4 54
479 4 35
3577 4 27
3399 2 30
3584 4 26
4195 4 15
2084 3 22
4505 2 36
1666 1 54
3937 5 22
5572 4 56
1673 4 36
3213 3 34
4860 5 31
2031 3 14
5559 3 35
2300 1 12
324 3 29
5778 4 22
5667 1 25
5254 1 23
3191 4 17
1075 1 11
660 5 10
4088 3 38
126 2 48
1110 3 44
4177 1 10
5807 3 15
1881 1 17
3658 1 49
5155 2 21
1828 3 44
3301 3 38
3916 4 39
3957 5 34
2805 4 43
4239 1 56
1726 4 32
5225 5 43
1247 4 25
1498 3 40
5344 2 43
1769 3 49
1798 5 24
5446 2 26
2939 5 24
2867 5 31
3879 5 59
2405 4 26
2673 1 50
3874 3 40
2443 4 47
2662 5 19
4257 1 28
3523 4 57
5122 5 46
531 4 60
2410 1 15
1935 3 34
3225 1 28
287 5 19
2719 4 25
687 2 36
5248 1 50
5424 2 32
1675 4 33
828 3 23
2648 3 60
3009 2 46
4228 4 14
1561 5 24
4661 1 46
1433 4 13
1330 4 58
5031 2 58
5363 1 21
1414 5 45
4686 4 57
3987 1 41
3327 1 15
4833 5 41
2671 5 35
5437 4 44
3844 3 20
1924 3 27
53 4 28
4641 2 39
5713 5 29
1421 3 42
1214 4 49
1522 3 30
27 1 59
1813 4 13
5741 4 31
1051 4 16
491 3 32
4787 3 54
2354 4 60
2319 5 49
5772 4 57
199 5 52
3663 4 19
5137 1 58
5182 5 20
3570 3 26
5170 4 13
4818 3 52
4563 2 48
2549 1 42
624 4 37
4732 3 42
1425 2 44
4521 2 22
372 3 38
2507 3 48
5969 2 46
3589 3 56
3546 5 55
1298 1 56
4887 3 35
4599 1 43
4954 4 60
5269 1 21
5498 4 43
5138 4 41
5865 3 46
3950 4 16
2655 4 20
1856 2 55
4170 5 59
2822 4 37
5244 2 24
134 1 53
2780 3 22
3098 2 58
4709 2 39
342 2 28
5491 3 37
4190 2 46
4885 4 30
201 4 25
3255 5 34
4515 2 52
4949 4 35
2817 1 33
3392 3 36
4753 5 39
458 4 34
4975 3 58
4562 5 17
2307 3 46
5700 4 34
4831 5 15
1044 3 23
3680 1 19
5431 4 10
5018 5 13
4035 2 50
5878 3 22
5223 4 28
1810 3 32
3411 1 34
3190 1 30
4857 3 37
3536 4 59
1614 5 20
916 1 23
5341 3 29
4112 5 43
5290 5 46
1379 5 15
1238 2 38
987 4 54
2304 1 36
2908 2 50
4211 5 52
2911 2 10
3091 3 37
38 5 27
1131 2 31
1016 5 47
181 3 10
1009 3 48
5116 3 27
937 1 18
4693 1 31
2921 2 24
1210 1 60
5375 4 30
1017 1 56
1376 1 35
2928 4 48
1352 2 30
1942 2 18
1006 2 25
1696 1 21
3692 3 56
1621 1 36
1606 4 22
233 1 53
1518 5 54
32 4 44
338 3 52
3078 3 60
901 5 44
2617 4 54
621 5 59
3361 1 12
6000 2 19
5386 2 60
3223 5 44
4856 1 16
5067 2 43
1190 5 42
5470 1 36
5335 2 57
2723 1 48
3790 5 22
5079 5 36
4315 2 27
3227 5 58
2199 5 27
3486 5 17
5927 2 27
2865 2 57
4282 4 60
2254 2 55
2325 3 38
882 4 43
1741 3 41
1094 5 16
4966 3 57
2127 1 60
5679 2 30
802 2 38
654 1 58
5061 2 45
3856 1 29
2575 5 36
1002 4 28
3991 5 36
5133 1 12
3501 1 47
1405 5 41
5371 1 31
4764 4 38
2040 2 57
4277 2 60
5081 5 30
5892 5 10
1925 5 12
1447 1 37
5461 1 12
5106 4 52
4025 1 46
1982 4 29
1026 4 57
600 4 13
3412 4 58
5548 3 18
1660 1 17
2013 4 23
5760 5 29
3786 2 20
4236 4 58
5554 5 57
4559 1 57
5733 4 20
4389 4 37
1548 2 22
2285 2 26
852 3 40
872 4 36
4407 1 19
3700 2 39
5610 5 11
4362 3 56
3720 5 20
2140 3 39
3436 1 44
4237 5 45
5213 2 11
2613 1 29
68 5 26
3586 3 55
3530 4 32
811 3 23
5937 3 21
3624 1 54
3554 4 39
1965 4 48
2360 2 29
1284 2 39
1552 2 30
1664 3 35
2843 1 41
5866 3 58
918 4 31
5377 4 58
4630 5 47
2130 2 23
3915 2 50
1073 1 48
2789 2 31
3542 2 19
3131 3 23
996 2 50
2704 4 13
998 2 35
2011 2 48
4790 2 42
2834 4 13
1932 2 45
2785 2 35
2937 5 45
5410 1 42
3773 4 49
1318 1 31
3296 1 46
2816 2 10
2738 4 27
2414 2 57
5848 1 20
1081 2 36
4603 4 30
4427 1 29
5764 5 28
4349 5 15
404 3 37
944 1 19
1381 3 51
2466 1 15
3777 4 56
211 3 51
4030 4 23
4565 2 56
3747 1 27
4634 4 18
1117 5 20
740 5 20
1530 5 25
4377 5 27
4240 2 48
1402 2 24
3074 3 52
3976 5 59
801 4 43
3919 1 52
5447 2 57
4075 5 38
1911 1 51
2814 2 58
2819 4 50
1711 2 58
1826 3 43
3551 5 60
1715 2 48
2759 5 36
5991 1 47
411 1 57
3252 1 18
4535 5 18
670 4 55
2423 4 52
590 1 15
221 5 51
4741 5 15
3407 3 14
2897 3 25
5901 1 38
1103 3 46
5306 5 51
929 3 24
2572 4 60
3896 1 54
3067 3 28
646 1 52
2894 5 47
4749 3 30
5609 5 41
5207 2 16
4066 4 29
3119 1 59
1326 2 21
946 5 60
917 3 42
3173 4 15
4850 1 38
3396 3 14
1100 5 15
310 3 49
825 5 47
5715 4 18
2877 4 17
1230 4 32
3391 2 56
5208 2 30
3931 2 41
3942 1 60
3189 2 59
5242 3 59
1814 5 46
189 2 34
1979 4 38
3631 2 59
1172 1 33
481 4 52
1981 3 29
2445 2 49
5277 3 38
2858 1 13
1109 5 39
792 3 12
2895 2 29
1643 2 11
5469 5 47
1684 4 39
1872 5 23
5665 4 39
663 5 14
676 2 10
3316 5 13
1496 3 15
4434 1 57
1613 2 56
2315 2 17
1594 5 33
305 5 10
5047 5 48
2586 5 11
1245 5 52
4838 4 23
5697 5 13
4331 3 18
701 2 13
1500 1 52
5415 2 21
4610 4 51
2811 5 45
2272 1 24
2552 2 13
4501 2 31
4503 3 20
5777 2 10
4054 5 52
1468 5 23
4496 2 18
4440 4 18
301 4 45
4441 3 17
4307 3 22
5064 1 42
2781 5 26
3161 1 14
3981 5 14
428 3 24
319 4 19
5025 5 44
457 1 39
557 4 48
3208 5 39
5962 4 17
614 2 19
4823 4 44
5653 4 40
4345 1 54
368 2 26
5575 1 28
4397 2 33
1173 3 45
2720 5 50
3983 1 49
4532 1 32
5839 1 41
2323 1 49
231 4 29
1079 2 60
5325 4 44
833 3 30
633 4 56
4798 1 33
3309 5 20
4689 4 18
1787 1 31
4083 5 21
3302 5 59
1987 5 11
3736 5 46
3052 5 60
3690 3 15
1347 4 19
4527 2 11
1724 3 28
4294 5 16
1350 3 39
4566 1 11
4284 3 23
3634 4 43
1598 3 37
29 4 59
3345 3 12
3612 1 41
5647 1 28
3829 4 37
1962 3 24
3922 5 39
377 2 30
925 2 10
3478 4 29
5840 4 45
4907 5 33
2763 5 18
430 1 37
3451 3 43
4655 5 18
1488 5 34
5287 5 39
448 2 25
4006 1 27
399 3 47
3054 3 36
1089 4 45
3449 5 14
3967 3 18
3880 2 11
5573 5 16
5574 5 29
4504 4 59
1921 3 59
1458 5 33
4813 2 49
3479 3 11
2151 3 20
290 1 55
5021 4 51
4672 1 24
108 4 10
1649 5 58
4794 5 19
3783 4 10
1749 2 35
1708 5 54
3602 2 32
630 5 35
2215 2 29
3734 1 43
5723 4 44
3159 1 19
3956 2 34
3037 2 12
3415 2 16
1463 5 17
943 1 16
2318 1 21
4520 1 46
5773 2 20
5753 5 32
4986 3 35
978 1 13
4804 2 35
3090 4 55
3330 3 39
5480 3 48
595 3 56
3171 4 59
2464 2 25
1507 4 21
4584 2 29
898 2 21
1186 5 55
239 3 57
409 3 44
1934 1 32
5833 4 42
2795 5 54
1188 4 24
3484 1 41
1244 2 33
2658 4 33
3932 5 49
1551 3 46
4295 5 53
4200 2 55
5795 5 47
1116 5 59
5624 3 50
2802 4 42
3348 4 25
3979 4 10
2599 2 13
3319 2 17
591 2 18
1640 4 26
3465 5 23
1725 5 49
893 5 12
2089 5 29
5414 1 25
3702 2 39
4706 2 54
533 1 18
4449 2 31
4865 5 52
1413 5 44
1545 1 50
1201 2 18
465 4 49
2796 3 49
5896 5 23
4040 3 60
5143 3 43
1449 2 20
4997 5 53
1321 3 57
5631 2 46
3816 5 29
393 5 50
3752 4 29
4106 4 13
3272 3 42
3460 5 47
4261 2 36
1677 4 54
3768 3 35
5660 2 44
3482 2 41
101 5 39
5625 5 14
273 5 38
889 5 28
1205 4 11
1862 1 21
4601 3 45
485 1 29
4799 3 41
97 2 42
5671 5 25
1383 3 48
753 5 18
4139 3 11
494 5 36
1638 2 38
5632 4 45
2944 1 48
2743 1 57
3899 5 18
4111 3 37
3744 4 36
5618 1 39
666 1 26
1990 2 52
355 5 34
2757 5 18
5585 3 38
766 4 40
4541 4 33
5115 2 41
2500 1 44
5005 4 58
3292 5 13
2355 3 15
5789 3 42
4039 5 36
3807 3 40
5109 4 59
5232 1 11
5445 2 59
2015 3 15
3525 4 16
4287 5 55
5408 3 52
4811 4 54
5885 5 53
3277 4 14
760 2 25
4908 5 35
1591 4 52
1761 5 43
5646 5 22
5196 3 58
5305 5 57
3637 3 10
3561 5 16
3847 1 51
4247 2 26
3805 2 42
235 5 44
1527 4 49
3952 4 57
2962 1 41
1428 1 27
2241 1 55
3114 5 27
2311 3 51
3012 3 47
5250 1 35
4160 2 23
5029 3 46
4319 4 55
1668 1 48
1943 1 18
2905 5 11
4341 5 53
748 5 36
222 4 10
4905 3 28
2643 5 51
4369 5 36
558 5 48
2246 1 60
1897 1 10
2245 3 58
5136 3 49
28 4 35
5779 5 16
3923 1 31
4346 4 39
2711 5 19
735 1 59
5433 1 37
4068 1 24
1674 1 19
2145 3 60
5997 2 60
2231 3 49
5194 1 20
4464 1 36
1905 5 12
3435 4 10
3188 3 30
5093 2 57
1707 3 19
3046 1 30
1907 2 33
1904 3 46
647 4 40
3955 5 11
5073 5 15
5197 3 26
337 5 54
5282 3 57
1832 5 24
1036 1 59
3598 1 27
423 2 28
954 2 25
3170 2 43
5090 4 48
1723 1 58
5590 1 60
3730 3 54
5202 1 29
3207 5 30
1427 2 35
3218 1 30
3543 4 47
5119 3 24
464 5 34
5087 5 50
5040 5 13
912 1 46
5432 3 47
4447 4 21
4711 1 56
1863 5 31
1058 2 39
3211 4 59
4409 2 50
4678 4 54
4036 4 53
4244 1 45
2831 5 55
4007 2 28
4889 3 44
5359 2 18
3499 4 10
1683 4 54
2650 2 19
3244 2 44
549 3 38
717 3 49
3432 4 54
5068 5 44
5584 1 16
4013 2 33
5058 4 32
1576 5 57
1957 5 47
5809 4 55
1854 5 19
1947 4 53
830 4 40
2088 1 57
4207 4 50
3216 3 44
449 1 40
269 2 22
786 2 55
4876 4 53
1806 3 18
4059 1 18
1367 5 41
255 4 56
4578 1 50
4184 2 37
3926 3 43
2380 4 30
3121 2 20
4225 5 12
5746 5 42
4780 4 56
1722 5 19
2450 4 56
2690 5 22
5097 1 27
3420 5 37
2621 2 44
4117 5 20
5884 3 10
366 3 21
4913 3 60
664 3 50
5440 3 27
817 4 33
634 4 18
3966 2 49
3888 4 15
1730 3 13
4664 3 59
4636 3 25
362 4 31
3458 2 11
4896 4 54
1141 3 50
2081 5 28
1608 1 11
3580 2 14
5266 1 21
5091 3 14
5284 2 18
2953 2 48
1343 2 29
3891 3 53
1858 3 16
2898 3 20
1524 2 58
2920 1 55
2460 3 50
625 3 51
2347 2 26
3288 2 45
3918 3 16
878 1 47
5763 3 46
3992 4 52
2792 4 28
4460 1 47
2665 1 15
1359 3 33
2432 2 37
5793 2 53
4579 2 14
3019 1 41
4659 3 43
622 5 29
573 1 39
3042 5 51
4953 5 16
2901 1 42
5309 5 46
4470 4 47
4279 2 44
5212 4 57
4812 3 24
1702 1 13
1158 2 34
4612 2 14
1191 2 20
3928 5 51
2099 2 40
1880 3 57
5975 2 20
5771 3 28
4408 3 23
4522 3 58
2622 3 55
3268 4 54
249 4 12
2055 1 14
1452 4 56
5486 2 21
1454 5 17
5579 3 34
2393 2 22
3947 5 52
4696 5 21
1208 2 48
2394 5 28
3510 1 51
5322 2 15
4388 1 34
4926 1 16
1250 3 29
1747 5 47
1732 3 47
5465 5 35
1510 2 32
3906 1 51
2413 2 11
4744 3 55
3259 2 23
5709 1 37
5308 2 57
4250 4 53
1037 3 57
2735 5 26
4356 1 12
1349 3 16
2009 4 42
733 1 39
2875 5 11
1065 3 22
4611 3 11
360 1 14
1913 3 19
5904 1 22
4727 3 14
2441 3 39
5842 3 14
4775 2 22
2061 5 56
1167 1 51
931 1 27
5002 3 36
1651 1 15
1400 4 47
2991 3 16
5033 2 27
4456 3 28
505 3 29
2007 5 20
4589 4 37
3201 1 57
1451 4 39
1815 3 25
5353 3 21
5616 2 13
5530 2 31
3772 5 16
1843 3 44
1046 1 37
5449 3 53
1807 1 34
1003 3 47
2801 1 58
2128 2 22
1227 3 20
5015 2 17
1662 5 24
4827 4 59
3892 3 29
2225 5 27
3911 3 13
2995 5 44
3175 3 16
4564 1 50
5626 3 37
993 2 13
1038 2 49
2205 4 33
1481 3 41
3796 3 43
2039 4 18
1786 5 18
57 5 22
3006 5 17
406 5 17
467 1 53
989 3 27
2734 3 44
4010 4 14
1663 5 13
2321 1 35
3825 4 45
4297 1 11
5204 3 59
1971 4 15
4731 2 14
2220 5 20
5776 2 12
4201 3 53
3145 4 51
383 3 30
434 5 39
2057 4 13
1577 2 41
5113 3 28
603 1 51
726 5 43
2770 2 33
3125 1 20
1549 5 11
4048 1 26
5881 3 28
2610 5 56
4576 5 44
1107 5 17
1113 1 37
4448 4 17
2226 5 41
4938 4 30
2265 2 12
2585 2 45
2964 3 34
3413 3 35
4185 2 28
2131 2 59
395 5 27
440 2 49
3442 2 53
2136 3 34
3653 2 27
5394 3 53
850 3 29
1010 4 53
5983 2 34
5324 5 40
3515 5 24
5750 4 55
1129 4 30
3600 3 23
2426 4 60
330 1 29
217 2 59
1098 5 14
116 1 52
4393 3 34
4119 2 47
259 4 39
4545 5 37
524 5 60
3307 5 47
4920 4 11
3728 1 56
3376 1 34
554 5 13
3585 5 21
5346 3 41
3214 2 20
3103 1 14
3544 5 50
5154 1 16
2985 5 58
3434 1 50
5889 5 14
4781 4 39
4065 1 40
1380 5 15
3661 3 25
70 2 51
3834 1 25
3153 2 16
4935 5 35
4961 3 45
874 3 40
5384 5 45
1704 4 17
5814 1 23
2159 5 21
1013 2 33
5722 5 20
1763 2 12
1070 5 57
2652 5 57
5880 5 16
2454 1 27
2333 5 25
2556 5 56
5288 1 15
1706 1 43
658 5 24
4155 1 24
1154 5 50
4977 3 57
5635 1 36
2375 4 29
2559 1 49
2526 1 51
3898 3 29
2947 2 48
4344 3 56
1040 3 22
5039 5 54
4414 1 26
4022 4 48
3043 1 25
2835 5 54
5963 5 19
3186 2 42
3972 2 28
836 5 18
303 2 56
121 3 32
2357 5 14
3157 5 60
3369 2 56
3622 3 17
1582 4 44
4265 5 54
5717 2 40
180 3 30
2005 3 34
5008 1 19
4490 3 59
1486 5 60
2002 3 13
3172 4 38
445 2 37
5387 3 27
972 1 11
2000 5 34
3270 3 40
739 4 30
3097 4 47
3372 1 38
4158 5 33
4027 4 10
3654 3 16
3129 2 24
930 3 44
3249 4 16
1221 2 15
2604 3 16
4328 1 38
734 3 24
4875 2 13
1975 4 31
1645 4 40
932 4 51
2482 1 58
30 2 32
1672 3 59
2487 1 60
5868 1 58
1235 2 39
1045 1 13
4205 3 42
2006 1 45
2264 5 33
3949 3 56
4230 1 12
4335 5 39
274 5 48
1891 1 27
905 1 19
5854 5 31
4360 5 55
4126 3 13
3039 2 34
228 5 51
988 3 33
1288 3 25
4619 1 23
2045 3 53
1825 5 33
1231 4 15
4183 4 54
3281 5 37
3524 1 46
1101 2 39
1626 2 50
2949 2 21
4069 4 12
4242 4 52
4208 2 24
5817 2 50
470 4 22
4104 5 51
1736 3 37
3883 5 43
5276 1 25
3405 1 48
2114 2 12
2666 4 54
1314 3 23
1531 3 20
4671 4 17
2883 4 36
1157 3 15
639 5 16
2404 5 41
5519 5 21
641 1 11
1145 5 55
4917 2 50
5909 3 37
4801 2 54
1609 2 34
1710 5 18
4590 5 20
1031 2 10
1812 4 27
5808 1 48
860 3 26
5103 2 38
4194 5 36
2473 4 26
4699 5 31
538 1 25
719 2 40
1480 2 28
5354 1 16
1462 5 13
2739 4 39
5275 3 28
3026 1 58
2399 4 30
5217 1 26
693 5 43
4528 2 17
2900 5 12
5358 4 32
2951 2 29
5331 4 54
3982 2 35
3500 1 15
3819 5 16
2022 4 44
2725 1 36
3185 1 59
3638 3 26
5296 2 36
4452 4 48
3762 4 22
4832 4 33
142 3 44
1053 2 50
5706 3 21
1513 5 28
5526 4 50
3028 3 22
4517 5 11
3590 4 53
5456 1 21
2378 2 18
488 4 52
2960 1 25
921 3 23
5597 2 23
4573 1 42
5634 5 44
1440 4 13
4609 2 42
696 5 15
2470 3 38
417 1 41
23 5 22
2072 4 26
849 5 36
4789 2 40
2765 4 48
5360 1 43
2197 2 15
5783 1 43
5444 2 22
2339 4 38
4855 4 21
4181 1 55
2570 5 14
736 2 50
2043 3 50
1658 3 44
1849 3 21
2497 2 46
3350 4 34
2994 4 53
3989 1 46
4154 3 51
329 5 32
3895 2 39
4169 1 10
4431 3 55
3492 5 56
4897 1 23
1308 3 52
3741 3 32
5829 2 20
2580 2 58
1165 2 53
2160 4 13
59 2 46
4248 5 15
4757 2 58
4457 3 60
3008 5 53
1634 5 60
4835 1 46
2696 2 34
5841 3 56
4713 5 35
3858 4 26
4037 3 29
5836 5 54
4102 3 48
1977 3 55
2021 2 59
5529 5 16
5467 5 19
4399 3 22
4351 4 41
4310 1 21
2511 3 10
3804 1 27
3841 3 34
2179 1 57
4347 5 51
1795 2 54
3996 5 35
2328 4 44
1324 5 46
3941 1 11
4334 1 30
5460 4 53
2312 4 20
1712 2 17
4366 3 50
5853 5 28
1654 4 35
5968 4 30
2624 2 11
4189 4 20
2899 5 41
4692 2 21
2090 4 31
4738 1 44
4423 5 24
332 5 35
4525 4 51
3626 2 48
949 5 54
5291 1 15
1581 5 45
971 3 40
5701 1 30
2352 4 22
4859 3 32
4808 4 40
3347 1 40
4014 1 43
2722 5 44
2710 2 32
1280 2 49
2181 5 46
236 1 49
1587 4 29
3034 5 22
3147 5 58
2286 1 35
679 4 38
356 5 19
2926 4 11
846 1 39
5365 5 49
1182 4 34
5552 5 24
5134 4 31
378 5 58
2484 2 54
3913 5 51
4534 1 52
5658 1 54
5471 1 32
1595 2 47
2587 4 17
4990 4 12
3685 5 32
4530 1 23
2363 5 33
119 2 10
761 2 45
1149 4 45
910 2 29
2164 5 13
1788 5 57
5195 5 25
1336 1 23
5528 2 54
2257 2 15
980 2 13
3116 5 29
5864 4 13
5259 1 38
1573 4 23
1910 3 50
1353 1 42
387 5 37
4499 1 14
4116 3 46
581 1 45
2860 4 48
1837 5 58
4797 5 51
2969 1 58
1893 3 50
4978 5 44
31 1 42
4196 2 27
1996 2 16
311 3 12
4993 3 46
4682 4 12
136 1 40
1388 2 19
5928 4 56
4415 3 23
863 4 20
4837 4 19
5163 3 47
3139 1 40
4980 5 30
1885 2 21
1823 3 27
5255 1 47
3743 5 42
186 4 52
4647 2 28
2065 2 17
86 4 54
2135 5 33
891 1 48
4325 4 57
4384 4 32
3136 1 44
4191 1 47
3875 2 12
4285 1 37
662 3 53
275 4 50
942 2 15
747 4 34
2365 5 40
4651 2 34
4615 4 26
4888 3 49
2211 4 51
1401 5 35
1373 1 12
1301 3 16
3196 5 59
5514 1 43
2612 2 18
1861 3 50
5915 5 50
5630 5 13
4739 3 55
4332 2 20
2176 3 48
5642 4 18
1313 2 45
5682 1 16
3278 3 13
2117 3 44
103 4 15
3712 1 15
5932 5 35
3870 4 32
5754 4 17
567 1 52
5055 5 19
4551 2 10
1020 2 16
5379 2 43
5032 5 32
923 4 12
2950 4 49
240 5 23
5241 4 25
5735 3 22
2069 2 45
3370 3 10
1497 1 57
4542 2 19
5958 2 15
762 2 12
3830 2 15
2288 3 53
2941 5 40
3887 2 46
3060 4 30
2020 1 12
4413 3 27
4867 2 16
1751 1 20
5966 4 23
2244 2 26
1387 3 29
5720 1 42
433 5 28
1074 3 50
5140 1 23
4548 5 55
1610 4 28
156 5 29
3757 2 37
5112 5 17
1140 1 53
5153 3 14
3583 4 57
698 2 18
1986 5 42
3615 4 34
4614 3 39
1460 2 10
153 4 52
3056 3 58
1665 5 39
1993 4 33
5176 1 45
3646 4 56
5028 2 10
2563 4 34
2799 4 46
1633 5 52
529 5 12
3706 4 20
5659 1 19
1919 1 11
1899 4 58
2589 5 31
3562 2 49
5967 3 43
3158 2 40
4698 4 20
5473 1 24
4477 5 15
4549 2 20
1056 4 40
5995 5 30
5267 2 58
124 5 31
5443 4 44
4491 5 16
2727 5 36
3674 4 38
144 3 11
1345 2 23
4639 1 30
3476 1 34
3994 2 39
1329 3 20
3062 3 15
3351 2 48
272 1 40
2876 3 59
4627 1 17
2871 1 48
2459 2 10
3905 3 56
5072 2 31
5844 3 49
4392 5 57
5828 3 30
1887 4 14
1753 5 28
2329 1 35
1988 5 39
894 3 22
5905 3 50
4881 1 19
4792 1 51
2737 1 32
4524 4 53
2752 3 57
5710 5 58
5670 2 53
720 3 27
5235 2 18
1592 1 18
326 4 26
2188 4 45
33 2 33
3679 4 46
2693 2 27
2903 2 54
3182 1 23
3204 4 38
5427 4 26
4830 1 55
3326 5 14
3573 2 43
3250 3 47
3559 3 10
4301 4 57
609 3 56
4299 1 51
4734 2 38
4311 2 49
4462 2 49
327 1 22
3806 4 60
3555 1 48
5550 2 24
150 1 11
3200 4 47
3630 5 13
4410 2 34
992 1 35
5675 2 18
5515 5 36
5714 3 34
4043 1 21
691 4 35
2794 1 53
3126 2 42
94 1 22
1705 4 57
4258 2 14
1213 1 39
5568 3 44
4944 3 26
1700 5 38
2688 3 17
4642 4 12
3607 1 58
5539 4 39
1287 1 44
4675 5 28
2076 3 58
1950 3 27
5711 4 47
3112 1 31
2930 1 34
2025 2 18
3506 4 59
5247 4 57
5399 2 37
2766 2 10
4454 2 33
4253 1 44
1586 2 20
4539 2 58
5405 3 17
351 2 49
4312 3 40
5998 3 33
2178 2 25
2134 5 33
3693 1 19
5393 2 38
4571 3 13
1671 3 54
4343 3 17
5400 5 51
1688 2 58
707 1 31
5228 2 46
2108 2 59
5555 2 13
2852 4 58
1637 5 52
718 1 16
4994 2 58
1659 4 29
1775 5 53
855 4 38
2133 1 36
3579 4 41
1146 1 24
220 5 30
4231 3 15
4396 5 45
1571 2 14
924 3 41
5827 2 34
2924 4 33
871 1 37
1541 4 46
3287 4 49
282 4 20
3070 3 32
306 5 54
507 5 52
3846 5 22
5791 4 54
3647 2 14
5726 1 34
3778 4 16
3382 2 16
5704 2 25
3742 1 20
2498 2 40
2880 1 55
3812 1 11
414 2 47
5583 2 47
669 2 28
810 3 57
2700 3 38
214 1 35
933 1 55
4140 1 42
4260 2 42
3273 1 35
940 4 58
1743 2 57
3338 1 13
4080 1 14
3220 2 52
643 2 11
5728 4 21
2472 3 56
71 4 26
471 1 25
4960 5 15
2240 2 41
3263 3 32
5111 5 47
4323 5 32
5429 1 57
4202 3 50
2230 2 19
3912 5 37
3117 2 55
237 2 42
1286 1 50
3644 3 10
729 2 19
1289 4 30
4652 1 34
2242 3 34
323 2 33
1473 3 12
137 2 28
4055 2 22
2569 5 24
60 4 15
1877 2 31
4593 1 44
1583 1 27
4488 1 32
5605 1 16
3410 5 15
1560 3 32
5374 4 46
2948 4 40
3137 5 30
4616 3 21
3629 2 26
5830 1 49
3519 4 59
5000 5 33
5159 5 40
1015 5 30
4082 2 13
4057 5 13
1082 5 42
5050 4 55
2744 3 54
5850 4 13
569 4 46
1922 1 59
2346 3 15
183 2 40
840 2 32
966 3 47
724 5 33
4733 5 35
3699 3 60
2663 3 31
650 5 30
1808 1 12
1000 4 29
1520 5 34
592 5 29
945 2 10
4817 5 12
5678 1 37
2144 4 38
2746 2 48
770 5 44
2708 4 51
5485 3 36
5847 3 18
548 2 20
4212 4 31
767 5 28
376 4 18
3408 4 16
935 3 29
3466 5 13
709 4 39
879 4 24
5448 1 60
3365 5 20
867 3 60
3803 5 19
3885 1 25
2479 2 16
5132 4 59
5336 3 31
2778 4 55
1114 3 17
2080 3 28
22 1 58
875 3 28
1629 4 50
1095 4 32
715 2 24
3619 1 28
5872 4 30
1148 1 29
780 3 23
5117 3 46
1754 2 29
953 2 18
1489 2 41
209 5 38
4847 5 37
2395 1 46
5455 3 59
4631 3 43
427 3 47
266 3 15
4618 4 13
4256 1 14
3684 1 19
4604 5 44
3261 1 12
2541 3 48
2755 3 57
5611 3 27
3035 3 12
2838 2 24
2284 1 20
4602 5 59
3384 3 47
2493 4 12
2726 5 17
4361 4 26
4836 5 50
3419 3 51
821 4 10
5811 2 41
3247 4 53
515 2 51
837 2 14
4531 4 13
1311 1 55
1032 2 52
2260 4 45
3105 4 56
1528 3 32
408 1 42
3569 5 48
1246 1 27
1105 5 57
3409 1 14
1160 2 29
4526 4 38
3167 4 32
1760 4 19
2162 2 52
2808 4 58
4870 4 16
478 3 37
4023 5 54
586 1 50
5367 2 59
2975 1 14
4044 3 41
2269 4 50
561 1 48
1122 3 47
5677 4 12
229 5 18
2703 3 34
208 2 45
4596 3 18
4426 4 42
5057 1 36
4901 2 47
5187 3 60
1183 1 35
3495 4 34
5812 1 10
2310 5 60
4071 2 48
3222 3 44
2214 5 10
1028 5 28
3640 1 46
5369 2 34
563 1 52
5816 4 58
1720 3 34
746 2 51
3071 5 45
3940 2 50
5695 3 10
2054 1 17
1483 2 49
122 5 29
1143 3 20
3127 5 47
4722 4 15
690 5 34
5831 5 48
1535 1 59
3964 1 45
4962 4 36
5876 3 42
999 2 32
1939 2 21
725 3 21
544 3 46
5898 5 23
5436 5 48
4500 5 56
3266 1 48
3029 2 36
744 1 20
2529 4 20
5347 3 39
4314 4 21
4403 2 59
1236 5 55
5048 2 33
4099 5 46
1471 2 23
5531 1 39
695 3 11
1263 1 34
1969 5 33
4243 3 13
4921 5 52
5512 5 22
2050 1 15
1898 3 58
3017 3 42
1119 5 17
4807 4 52
1144 1 56
3697 4 37
43 5 58
1966 5 50
5332 1 10
3086 4 19
2934 4 50
3366 4 60
302 2 53
1647 5 51
3909 4 53
4249 5 15
2190 4 36
913 2 49
1734 2 33
4171 2 17
1600 5 15
3368 1 19
3163 4 27
4430 4 11
5497 2 12
5385 1 30
3811 4 38
1209 3 31
5787 1 57
3958 2 49
1266 2 23
3304 4 13
331 4 11
973 5 21
4150 3 28
185 4 47
3404 4 28
1229 2 52
3299 2 60
1422 2 36
4511 5 23
986 4 58
3100 2 46
5505 5 47
5718 1 34
4079 5 30
4989 2 15
4375 4 12
1086 5 39
3986 5 27
4694 2 10
2980 2 15
1249 5 46
1303 2 31
3988 3 52
3297 4 25
2101 2 10
5345 2 51
876 5 21
3349 4 22
3148 2 38
2812 4 44
1853 3 19
2562 5 44
2278 3 21
4271 5 52
5708 1 48
1001 5 23
133 5 46
1914 2 35
2597 1 27
5832 1 36
5770 4 36
1162 2 19
4570 2 30
202 1 30
1252 4 56
951 5 25
110 1 14
4497 1 52
3507 2 31
2186 5 15
5664 4 15
2639 1 29
5604 3 15
5947 3 36
2082 2 48
2034 2 27
2634 2 37
1789 2 14
398 5 51
4085 5 37
4262 4 44
559 1 31
5024 3 39
2274 2 15
2279 3 24
5475 2 39
4135 2 20
967 2 20
2681 4 46
5527 3 22
5766 5 43
297 4 33
774 5 42
438 5 54
2701 3 42
164 2 14
568 3 50
3842 3 49
3737 4 47
1248 1 12
5577 1 40
3474 3 37
4110 3 43
3140 1 17
2641 1 30
4363 5 31
2227 3 27
3239 2 33
3378 3 35
182 2 28
788 3 54
3485 2 22
4476 5 12
5557 1 17
3155 5 14
3284 3 29
3513 5 54
3203 1 30
2232 3 49
1661 4 35
1878 5 34
1750 3 36
500 1 28
3860 1 23
4592 3 37
3735 5 56
5820 1 22
5482 3 15
797 1 47
5303 4 48
4947 1 52
5899 2 44
4246 3 53
2305 3 28
2458 1 33
1819 4 27
2512 4 54
1317 2 54
2955 1 37
3471 1 60
2672 4 28
5376 3 48
3855 1 53
5063 5 39
610 3 23
4482 5 51
3224 3 39
979 1 36
3707 4 43
1120 5 59
4420 5 43
779 3 39
2527 2 53
1361 2 57
5547 1 54
3215 2 10
1305 5 47
2397 3 49
2732 3 47
5051 5 22
412 2 46
5525 4 14
5965 1 49
4390 4 29
325 1 54
3724 1 27
3623 2 39
4685 4 24
5747 1 60
2653 5 23
1268 4 12
1555 5 13
3341 5 37
1884 4 58
5412 1 39
5012 5 23
906 1 11
3459 2 25
5030 5 50
2705 4 45
3254 1 59
4041 3 32
4016 2 15
3873 3 14
2209 1 47
5956 4 18
4438 4 14
4622 5 22
5506 2 53
77 1 15
5875 3 46
635 3 14
3969 1 38
4821 3 49
4353 5 43
601 4 27
3641 3 11
1022 1 52
963 5 35
2736 4 36
3857 4 55
3016 5 35
2004 5 39
5240 4 10
1603 3 37
1090 5 35
2282 5 53
2392 4 58
5594 4 26
1698 5 42
5784 1 58
1727 1 30
5655 4 22
3340 2 34
1625 5 38
1410 4 54
2680 3 46
4582 4 55
5852 1 14
4552 4 27
3047 4 53
5606 1 33
4121 2 32
339 2 37
4965 5 33
1618 3 26
69 4 31
5009 2 52
3324 5 56
75 5 13
219 1 21
1072 2 22
3289 3 23
3572 1 20
4637 3 34
2601 1 46
2208 1 41
2815 3 22
2071 2 60
5462 5 40
722 4 14
571 1 26
5080 5 31
5871 3 44
3893 3 40
3997 4 36
4327 5 55
2642 1 23
3115 3 31
4883 5 40
3531 1 10
168 3 43
4159 4 13
407 5 45
4308 3 39
5797 3 22
3243 2 24
3840 3 20
50 5 56
619 4 26
3649 1 42
5088 4 26
4278 4 32
672 3 28
2183 5 47
2767 5 48
3884 1 42
4591 4 43
642 5 15
4364 4 17
4371 4 56
5083 5 22
5620 3 33
2889 4 26
1740 5 59
665 1 36
2324 2 29
866 1 24
1076 4 27
131 3 16
3065 4 54
5180 5 11
3588 1 39
213 4 55
5160 4 33
3713 1 13
712 5 60
5768 1 10
3792 5 30
4840 3 48
2296 3 48
638 3 53
2449 2 49
216 5 19
2079 1 53
3821 5 13
3695 1 59
4379 2 56
1492 1 42
883 3 28
3397 5 14
334 5 52
4220 4 59
1296 5 53
2957 3 48
2471 5 36
3770 2 60
4049 3 11
588 4 18
4547 2 50
2978 4 34
2779 4 59
3058 3 20
3711 3 21
3509 3 46
2594 5 15
5089 5 19
5243 2 34
247 5 24
2560 3 40
54 4 59
1337 2 40
5507 4 32
1374 4 49
4502 1 24
4701 4 35
4165 1 28
3229 2 38
3745 4 40
4509 1 13
426 5 43
5517 4 44
375 3 11
5409 3 22
1219 2 37
5580 4 25
2062 2 10
5044 3 46
4064 5 54
3431 1 37
1424 3 34
3003 2 14
271 3 48
1501 3 28
294 5 60
3592 5 42
628 1 57
392 4 58
3358 5 28
388 5 60
4337 5 19
1718 5 46
3355 5 59
5300 1 58
5216 5 23
2253 2 17
5873 5 34
5883 4 55
5855 4 49
1088 2 32
509 5 57
2784 3 12
3689 2 10
2555 3 11
4826 5 29
2154 5 12
1784 3 22
2277 1 52
1429 2 58
34 2 26
1984 1 39
2481 2 53
2596 1 12
3275 4 44
5333 1 53
3722 2 51
3439 5 25
1390 5 23
5251 2 39
5780 5 10
197 4 32
3096 5 58
2915 3 60
2870 4 11
4786 3 18
5919 2 56
4306 4 59
3897 1 60
5942 1 36
1378 5 35
278 3 22
320 4 36
3902 5 46
556 5 19
5162 5 19
530 1 50
1292 1 12
5696 1 42
1945 4 49
1211 3 23
1799 4 58
4481 2 56
3099 5 40
2425 1 53
5278 1 10
2270 5 32
3574 5 31
2592 3 44
4543 2 10
1851 4 29
5052 1 23
5146 5 50
1770 4 31
3092 2 12
982 5 24
3236 5 28
5535 5 41
5587 3 59
95 1 38
3325 5 45
1785 3 43
3025 2 21
254 5 55
2793 3 42
1508 3 24
2118 1 41
4766 1 58
4234 5 35
3010 5 24
1514 3 18
3534 4 50
4586 4 17
1619 3 17
2664 3 49
2283 1 59
5582 2 58
2679 4 57
3618 5 48
5246 3 43
1328 1 11
4927 5 24
1339 2 28
474 3 57
3538 5 57
3022 4 34
699 5 36
4683 1 13
737 2 50
4805 2 33
4108 4 44
5206 5 27
3149 1 56
2407 2 41
1593 1 11
4005 2 19
5982 4 52
191 4 10
2263 1 39
4418 5 16
5751 3 16
799 2 31
1895 4 46
2331 3 47
4626 4 14
5488 3 59
5607 4 40
2438 1 56
636 4 44
3578 4 52
3053 2 30
3779 1 21
4128 3 39
207 1 53
3789 2 10
1023 3 46
2748 4 42
3401 2 12
5045 1 50
3018 1 39
3041 4 27
4918 1 24
2268 1 23
4131 5 34
3601 1 35
5069 2 33
4632 3 43
2345 5 26
1818 1 28
3927 2 45
141 3 39
5859 4 58
2192 1 39
1011 2 31
3651 1 51
5191 4 20
4937 1 50
4453 4 18
4760 1 24
3924 5 35
4444 1 32
5189 4 32
450 1 14
1961 3 34
4203 5 43
4219 2 33
2299 5 57
5373 1 51
5352 5 40
3164 4 53
5175 5 42
265 5 54
2638 2 32
2316 4 38
2259 4 58
2538 4 36
5893 4 17
2914 2 23
3520 2 42
732 4 16
5673 3 27
3863 2 48
4740 4 13
1876 3 47
2846 3 53
4514 3 31
4560 5 23
4666 1 50
4771 3 23
5906 1 53
5481 1 49
1130 3 48
4891 5 47
1495 5 43
3610 5 16
2606 1 14
48 3 44
5976 1 34
775 4 59
3364 1 48
5524 3 17
5421 3 37
5065 2 15
1623 2 42
757 4 52
1323 3 22
1366 2 43
3826 2 43
4095 1 20
4650 5 40
1239 4 50
2932 4 56
1332 3 19
114 1 20
543 4 16
1220 2 22
1901 5 44
4355 5 10
2452 2 47
3738 2 27
3903 3 43
2581 1 34
5452 1 19
955 5 49
4469 1 24
1559 1 51
1565 2 33
3380 1 47
3545 2 17
682 2 53
1294 4 31
2689 2 12
1436 5 10
4372 1 27
637 2 15
2988 5 28
4229 1 41
2113 5 43
3291 3 13
842 3 12
2313 5 58
4645 2 44
2389 2 32
4721 4 16
4546 5 54
443 3 14
1453 2 21
1048 5 22
3331 2 20
2724 1 28
1588 1 36
3595 5 25
2439 5 30
5510 5 39
4096 4 31
4089 5 24
2167 2 44
5824 5 34
3751 5 43
2842 3 43
245 3 38
5563 4 58
425 3 50
4275 3 16
63 3 30
2855 4 21
5755 2 45
2448 1 16
3978 3 42
566 1 49
475 4 12
5999 1 45
3793 1 46
2191 5 26
5174 5 58
1439 3 41
5323 2 14
5489 3 55
5450 1 10
3280 5 12
3529 1 49
4367 3 19
5537 5 59
2771 2 16
3128 1 28
4350 5 19
5274 3 56
3306 4 50
2891 2 49
1648 5 16
5218 2 40
4719 1 45
2125 2 30
2836 5 20
2381 5 50
3473 4 25
4697 2 45
5280 4 27
2584 5 27
3156 2 32
5173 4 26
5076 5 36
3406 5 11
4700 1 35
5118 4 53
2052 3 17
442 4 24
4982 1 59
5210 5 20
777 3 55
964 5 57
452 4 19
5900 1 15
4705 2 46
3257 3 14
613 5 60
3954 1 15
5342 2 49
2377 5 21
2172 3 12
4368 1 40
1377 2 10
3388 2 41
2756 4 10
1005 2 23
4816 1 12
4950 1 27
5644 2 56
1132 2 34
3869 2 45
3753 5 55
606 2 35
5468 2 34
3470 4 12
5407 4 34
1012 5 57
5334 5 20
2918 4 54
2298 4 33
2886 2 53
2545 2 42
1135 1 55
2490 3 29
1521 5 36
1686 5 18
4902 1 33
3005 4 58
241 1 56
3440 3 32
373 1 48
3373 1 38
2609 3 27
5357 3 54
3606 5 36
911 4 24
2539 2 14
2091 2 36
3635 4 47
1283 5 12
5788 3 18
5128 1 51
4378 2 10
4127 3 44
1567 3 50
381 1 47
2970 3 25
685 3 55
3480 4 53
1464 2 16
3662 5 58
2461 1 10
1019 2 35
2137 1 39
2501 4 27
781 1 37
4803 2 22
1868 5 37
714 2 55
4769 2 53
3328 5 21
1059 2 12
3532 1 23
513 3 18
1448 1 34
2620 1 27
2334 4 48
2627 5 33
5046 2 54
4129 2 42
969 1 50
1721 5 54
5124 2 42
4122 5 20
868 3 45
3962 1 18
2979 2 47
5199 4 49
892 2 15
809 3 42
4273 3 44
4930 3 11
5613 2 14
856 5 43
3030 4 53
1802 4 45
5451 4 58
2371 1 41
2361 2 14
4386 2 27
1744 2 58
2281 5 48
4874 2 34
5612 5 16
4581 1 49
902 5 42
4330 5 51
523 2 59
3000 4 51
884 3 49
5370 1 44
3256 5 45
4164 3 46
4680 4 23
1742 2 31
511 1 44
5637 1 14
5350 1 43
308 4 56
520 5 11
502 2 48
493 3 18
2495 3 37
2840 2 44
252 1 29
4003 1 57
4146 2 37
5457 5 55
541 1 47
4254 4 20
1315 2 33
2787 5 32
5826 5 15
3850 1 29
1174 2 17
3767 3 29
3093 2 40
5749 4 56
1888 4 55
3933 2 45
1364 1 25
4238 5 15
4513 4 17
4012 4 33
5420 5 30
2718 2 42
3088 2 33
5258 4 27
5895 4 43
2551 2 10
2533 1 59
1224 5 48
5054 4 27
4768 4 39
3488 3 53
3303 3 33
5026 1 38
3758 2 28
5703 2 40
959 4 22
5601 2 17
1505 4 41
1043 4 43
178 5 46
4670 1 14
3782 3 21
2990 3 29
4754 4 12
3877 3 42
5794 2 57
4226 2 56
4625 1 59
5520 1 40
4103 4 15
800 2 60
1607 3 35
4580 3 43
952 1 45
79 2 41
3504 1 58
5070 5 50
3548 4 43
2826 3 19
1506 1 49
4976 2 48
3377 5 56
3011 3 45
1713 2 20
1355 1 51
446 3 49
2516 4 40
3505 3 17
5391 5 15
565 5 13
2433 4 60
4115 2 55
3312 5 28
3101 3 28
3494 1 31
3251 5 47
4288 5 35
1940 1 25
4969 1 13
2093 1 34
2669 3 15
1396 3 52
1083 3 18
4643 5 40
758 3 23
147 5 15
5918 5 14
2120 5 10
4679 1 16
503 4 16
1272 1 57
5406 4 60
1580 4 58
697 3 36
4293 1 14
5705 3 12
5553 1 28
2457 3 17
4437 5 45
2783 2 24
167 5 34
2942 1 25
1234 2 14
2403 3 33
688 2 26
2105 3 48
5972 4 59
1604 5 17
1857 3 13
5014 1 20
3533 1 12
4537 2 59
4765 5 26
307 3 15
3425 1 26
3044 3 18
1585 3 27
2383 2 59
468 1 54
2463 2 49
405 3 26
5007 5 60
37 3 19
230 5 60
3999 1 45
2092 3 41
4640 5 46
1304 2 41
1397 5 50
4648 2 51
1995 5 49
1959 1 23
1991 5 29
454 4 32
3604 1 14
5734 3 20
3310 4 25
2376 5 16
648 4 49
1676 2 54
3755 1 26
4163 2 39
2803 4 13
5435 5 52
2582 4 35
1998 2 53
1115 2 40
5355 3 29
2142 3 11
2878 3 60
5910 4 19
3144 2 15
1444 4 23
1542 3 32
299 4 46
1642 1 41
61 2 60
225 3 15
1777 5 22
5694 3 37
4141 3 60
2398 2 50
4489 1 54
3202 1 13
3122 5 55
276 1 18
5581 2 11
1391 2 52
2044 1 54
602 2 58
4374 4 51
1772 1 16
907 5 24
1503 1 50
2059 1 41
4588 3 40
1155 2 38
3838 5 18
2884 5 29
4737 2 58
3739 1 12
2249 5 42
1773 3 39
226 3 41
5126 2 25
1920 3 49
927 2 18
45 4 46
2637 4 16
380 1 32
5084 5 34
2660 1 30
1091 2 29
1438 3 34
4898 5 52
174 1 32
2714 3 53
649 2 55
2171 3 44
1516 5 32
4742 5 17
5861 1 39
3540 4 38
5648 5 30
4985 3 58
4946 2 52
3274 1 20
3004 5 28
5857 1 27
2189 5 58
997 4 19
3763 4 19
1758 3 53
5798 1 60
4357 5 10
4554 3 55
5752 3 16
3881 2 25
3594 2 43
357 2 58
3194 2 16
4723 5 34
1543 3 48
4192 3 43
4439 1 23
5478 3 25
2467 2 51
5215 4 20
4866 1 48
4233 1 34
2728 2 15
5522 3 43
2818 1 12
5252 5 13
1108 3 45
3051 4 32
3808 1 10
4009 5 40
195 2 52
5239 1 49
3597 1 25
2534 1 23
5619 2 13
1407 4 19
1274 5 38
2388 1 19
941 4 21
3664 2 43
2147 2 47
5699 2 48
145 4 11
1080 4 10
2477 2 49
4752 5 47
4529 2 53
4382 5 24
5454 3 35
4914 3 58
1699 1 20
113 5 48
4508 3 38
4455 4 22
2066 1 40
3242 4 37
4024 2 55
3050 4 26
627 5 22
5227 5 26
261 5 47
4644 5 30
99 5 58
2430 4 56
304 2 30
5188 4 12
2182 5 10
2762 3 20
2553 3 15
5010 2 60
2385 3 40
469 4 45
1792 3 55
4424 1 43
2919 2 47
4620 4 41
2292 3 55
1275 1 49
2266 5 59
1180 5 13
577 4 53
4056 1 58
784 4 53
2931 3 47
1185 1 47
2218 3 22
2427 2 52
1178 4 16
2184 4 50
1937 4 12
2175 3 46
5501 2 32
1334 4 59
1974 4 46
4478 2 46
5004 5 39
2094 3 47
4717 2 25
4317 2 15
2798 3 20
1960 1 10
3446 3 49
3138 1 32
379 4 17
1169 2 24
5272 5 26
611 2 50
176 2 59
1351 1 32
46 5 45
3599 1 51
1714 3 34
4841 4 41
3727 1 14
1136 2 45
2374 2 58
3939 1 51
3429 1 53
3636 2 47
3564 3 32
3512 4 13
4429 4 29
2633 3 57
1027 3 31
4710 2 59
5727 1 13
5931 4 48
466 4 51
5366 5 33
2036 4 54
3498 4 56
1512 3 38
4987 3 28
1889 1 48
1024 5 44
5540 4 55
790 1 50
5310 1 37
820 2 13
401 2 34
5546 3 36
1976 2 16
2455 2 52
3308 3 24
5059 2 38
4750 2 32
2864 5 17
5123 3 58
1568 2 20
2809 1 34
3721 1 13
3677 3 11
187 5 30
5549 5 36
3462 5 13
3362 4 14
885 5 27
2273 1 54
5294 1 14
415 1 25
2476 1 54
2717 5 18
5591 2 16
4358 2 36
3746 4 31
5214 5 15
5298 5 31
1958 2 26
4042 5 23
4495 5 46
4967 2 30
5312 1 19
4519 3 53
2368 5 27
1061 1 20
3082 4 41
447 1 46
1340 1 33
818 1 29
1635 4 51
915 1 47
4021 5 24
506 3 30
3799 3 53
1293 1 47
1047 5 55
2535 3 46
5719 2 32
3718 2 27
5077 4 42
5327 2 17
244 4 50
1894 3 55
961 4 42
1493 4 43
2859 5 40
5729 4 10
4118 3 45
1554 2 59
4778 4 38
4348 4 50
4893 5 60
2078 4 48
4245 3 39
1399 2 35
3696 3 33
2976 3 42
4471 4 19
3836 4 36
5129 2 22
5759 5 59
367 3 54
2530 5 43
4945 3 53
5211 4 10
2907 3 24
340 3 45
3448 2 51
787 4 39
1151 5 47
3061 5 39
2201 4 45
1733 5 55
3617 1 43
5944 3 30
391 4 49
4092 3 34
2977 4 27
2873 4 50
2166 1 56
2996 3 56
1150 4 18
3867 1 27
1584 4 51
5100 2 20
5934 1 12
2687 3 45
5663 1 59
3276 5 39
2761 4 14
5043 4 45
2228 1 52
4298 4 23
4483 5 51
4550 2 30
838 4 21
2157 4 18
1692 5 39
1215 3 32
117 1 16
280 2 15
2421 5 55
2651 3 56
3802 2 16
1423 4 53
5096 1 35
1181 1 24
5395 3 46
1622 3 53
5953 3 24
3367 1 52
4398 4 37
4715 4 47
4034 1 24
374 4 43
976 4 41
1615 4 39
2340 2 20
1375 4 48
772 5 10
3233 2 36
3698 3 42
4283 2 17
4133 1 22
400 1 18
1882 3 56
2695 4 30
44 3 60
4849 2 45
2358 1 26
936 3 25
1265 1 10
4162 2 44
2675 2 59
460 2 11
3943 3 44
1596 4 22
2893 1 58
3461 2 51
5790 5 46
20 3 49
5560 3 21
764 5 38
1916 3 41
4971 2 15
3339 5 35
3279 3 35
76 2 10
1515 4 35
4097 4 48
3823 5 18
3472 5 31
2697 3 42
5724 3 40
3938 3 11
1331 5 41
5403 1 46
5283 3 24
1816 1 37
3557 2 26
344 1 36
553 2 20
5649 3 29
3109 3 43
4674 1 54
678 5 59
3705 4 28
5487 5 44
437 3 17
3177 3 57
3731 3 54
5740 4 46
3014 2 19
4113 5 49
4657 1 51
135 4 34
5396 3 54
1102 5 56
1041 3 38
4773 1 33
4272 3 26
2674 5 43
3265 2 31
1192 4 25
1523 4 45
4051 2 27
965 5 50
5234 5 52
3761 1 20
1472 3 58
5974 1 37
1156 1 52
4290 5 56
4691 4 25
2828 5 39
845 2 59
5692 2 57
3771 4 58
4662 1 23
710 2 23
5748 4 24
700 2 36
3314 5 50
1755 1 15
926 5 16
3313 5 22
2519 1 50
5813 2 14
3848 3 24
2646 1 57
3683 2 34
3965 3 57
5313 3 48
386 3 24
1243 4 52
4882 4 48
1731 3 20
4815 1 15
716 3 15
3048 1 32
5152 3 34
1307 5 33
5551 5 55
3643 3 15
2247 2 26
560 3 17
3416 5 57
785 1 42
2306 4 28
2749 3 15
3716 1 49
4433 1 54
2451 3 34
2016 1 31
3776 2 55
5556 5 28
4142 4 27
3621 2 18
439 3 41
243 4 36
4412 3 59
583 3 30
2480 4 56
4608 3 17
1944 5 31
5372 4 27
5835 3 56
2713 3 45
1233 2 11
4175 4 21
1269 1 57
1756 1 53
1204 2 14
2786 4 16
896 2 39
385 5 29
2946 5 20
2678 2 44
853 3 60
4224 4 37
3087 5 15
3900 2 18
5838 5 41
4667 3 54
2503 5 11
260 2 18
5882 5 31
877 5 17
424 5 31
2294 2 54
711 5 50
3729 4 31
2121 1 11
4688 1 52
3787 5 46
960 5 17
2729 1 15
4595 5 29
508 2 52
5650 5 10
3360 4 51
2791 2 32
3591 5 46
5338 5 24
4286 3 55
2029 2 30
5586 4 35
604 1 32
3642 3 39
4120 3 23
2565 3 43
1811 5 23
783 3 56
1928 1 53
1729 2 25
2685 3 15
396 3 25
3456 3 50
4561 2 27
4536 2 33
4864 4 60
4903 2 59
5661 3 36
3571 4 13
4702 3 35
169 4 50
1341 2 57
1794 4 56
1829 4 34
1776 3 23
2514 5 28
3027 1 49
1791 2 22
4215 1 51
104 1 40
1762 2 19
4267 3 48
677 2 49
4130 1 52
49 3 36
2647 1 19
317 2 55
4078 3 57
3558 3 11
2616 3 34
4585 3 45
4848 1 23
3537 5 14
5186 1 15
620 4 39
2251 2 18
4716 4 29
435 3 46
1685 5 37
3701 5 23
5538 4 46
2014 2 10
644 2 36
2640 1 29
3766 2 25
4814 3 10
2143 4 17
1835 4 59
4941 3 12
279 3 55
5762 2 41
776 2 10
4338 4 37
3120 1 37
1394 2 58
4572 1 18
1850 2 41
5987 4 30
4380 4 32
1831 3 49
4222 1 29
1682 2 53
4533 1 14
3614 3 40
4218 4 58
3305 4 17
5796 3 50
3234 5 59
5656 1 13
436 3 57
5638 2 19
1403 5 12
4459 5 16
3437 1 20
1502 4 28
3971 1 33
5782 1 51
347 1 30
3468 3 58
3300 1 11
4151 1 23
723 2 15
1240 1 43
1259 4 13
5565 2 39
5926 1 59
1179 5 50
3064 5 16
1087 4 16
1641 3 32
629 4 57
358 2 11
295 4 19
1563 2 59
1096 1 59
277 5 51
3424 3 57
4197 2 14
5157 2 30
3625 5 35
316 2 47
1830 5 49
2940 3 13
3740 4 11
3094 4 45
382 1 14
204 2 32
3508 2 35
4134 5 27
562 1 59
528 3 29
3402 2 27
2456 1 12
3914 3 42
5397 4 10
2636 1 60
171 5 60
5687 3 56
1757 1 24
3342 1 60
5320 2 43
3398 3 16
1333 2 20
5964 5 15
4149 5 21
4839 1 58
1841 1 44
1869 5 42
5562 2 39
1533 3 59
4268 5 33
2442 1 11
3383 4 21
1392 5 53
3831 1 36
36 4 17
3228 4 58
994 4 31
2623 4 34
3084 4 60
3565 4 34
3430 5 55
4289 1 27
5198 3 13
1437 5 48
5380 5 49
5681 4 23
5268 3 27
1803 2 14
5736 4 39
2250 2 53
2060 5 24
3481 4 13
2085 5 53
84 3 31
3295 2 33
4714 3 52
1681 2 42
2129 4 56
4762 2 10
1431 1 44
3235 4 24
1874 5 56
288 2 38
970 5 18
3576 2 37
1601 4 54
2483 3 57
4834 4 44
4221 4 41
270 1 35
5949 2 17
3253 3 11
4904 5 26
1936 1 45
335 5 16
346 4 53
4270 1 33
394 1 28
1457 5 35
2058 4 60
5523 3 49
1846 3 10
3687 1 26
5125 1 55
5994 2 52
1574 2 33
2508 2 54
1801 4 30
1902 2 29
318 3 57
107 3 26
1680 4 13
1085 1 15
2390 1 17
3963 4 38
2954 3 20
4957 5 46
371 1 25
4763 4 45
5945 2 41
4038 1 47
612 1 13
5023 4 36
3045 5 33
5867 3 59
4924 2 30
3438 1 32
1018 5 25
2111 5 32
598 5 40
2540 1 59
1778 4 21
1494 2 26
3490 1 42
451 1 41
2401 2 58
2618 3 48
5698 4 18
1839 1 58
2309 3 27
1797 1 59
519 3 24
5147 4 34
5977 2 43
5978 4 21
4725 1 10
2686 4 36
4587 2 43
2303 4 53
632 5 19
5383 4 17
3021 2 22
1033 1 40
4291 5 23
653 5 14
5566 2 58
3593 5 13
4992 4 43
1416 1 18
5496 2 48
789 4 52
5897 5 26
2929 3 12
2984 1 25
4605 4 39
1200 1 18
24 4 35
4872 3 12
5075 4 30
4114 5 15
822 3 15
5654 4 38
2502 5 49
3212 4 33
4594 2 49
2543 2 11
459 2 33
950 3 31
4182 5 42
2632 2 29
5434 1 12
5516 4 26
3560 1 15
1983 2 37
1171 2 13
2068 4 20
1450 2 28
1817 1 21
4761 4 45
5231 3 26
112 5 16
242 2 34
2645 4 33
5802 1 36
5293 4 19
5364 5 39
3344 1 14
616 1 52
3868 1 11
5343 3 41
4060 2 28
2353 1 51
4166 1 46
2629 1 34
742 2 37
1069 2 55
1578 4 48
5640 1 55
847 2 23
4785 3 46
130 3 57
4026 4 45
193 4 19
2521 3 57
4105 4 19
2872 5 42
708 5 30
2568 5 37
3726 5 51
5742 5 42
1435 5 32
2774 1 21
5815 1 24
2165 4 49
2849 4 15
3395 1 12
2173 4 53
4981 1 13
3441 1 54
3176 5 15
3756 4 18
5474 2 38
5916 2 10
4425 5 48
1097 3 32
1166 3 14
4555 1 37
5326 5 14
4922 4 16
2488 5 60
92 5 17
1968 2 11
5845 1 52
1946 3 10
2356 1 34
2107 5 47
4912 2 21
5672 3 50
441 1 31
1886 1 41
1276 1 20
1382 1 33
1694 1 54
3710 3 30
3660 5 10
2453 2 55
4292 5 11
1273 1 46
4940 3 13
4880 2 35
3428 2 45
983 2 38
5608 5 17
2235 4 50
4932 1 45
1544 1 46
1859 4 25
2074 5 58
2037 5 28
2590 2 31
1909 5 47
3563 4 11
2035 2 26
160 5 10
5666 1 52
2968 1 55
5578 2 30
2202 4 33
1237 2 35
4759 2 47
495 4 26
263 5 26
4385 5 30
5390 2 39
948 2 50
816 5 43
3878 5 29
2881 5 60
5781 4 34
1055 3 51
5680 4 48
839 4 23
3645 2 26
173 4 46
4795 5 48
4076 5 17
3146 1 14
4336 1 48
3001 3 26
5989 3 57
1281 2 24
4863 1 42
364 1 12
2170 5 36
2573 5 59
1780 3 12
4999 4 53
2408 2 13
2910 2 34
2973 2 22
286 2 38
2847 4 53
4077 3 18
1589 2 52
65 4 27
349 3 47
3246 5 59
3703 2 15
2386 1 35
580 2 20
89 3 39
66 5 26
713 2 44
3908 2 26
3269 3 44
2431 1 13
4145 5 34
1838 3 37
5311 4 11
2177 2 48
345 3 21
4395 3 59
5946 3 31
3491 1 20
4518 1 46
3152 3 24
5492 3 51
2474 2 51
1189 3 16
1809 1 34
3567 1 53
4475 3 53
2578 4 51
1300 1 10
1064 2 40
2095 2 33
361 5 20
1972 4 49
5165 4 21
2109 2 58
3839 1 17
2280 1 29
5674 3 49
4983 2 59
2758 5 57
551 4 56
4484 4 18
4624 1 53
2998 1 12
574 4 14
3231 4 15
1669 1 44
5863 4 35
5986 5 32
2348 5 51
4274 2 21
5337 1 48
1691 3 38
498 1 21
5959 4 46
5803 2 30
1354 5 59
2367 2 37
111 3 27
5256 2 53
3539 3 48
4746 5 47
5398 2 60
4199 1 54
751 1 39
4915 5 45
2520 2 16
5745 1 19
4100 2 26
2077 1 27
5149 3 59
1569 2 56
5105 1 55
2203 2 35
920 2 29
1652 2 45
2332 4 22
651 2 29
585 2 42
2196 1 47
1411 5 16
1644 1 15
2003 3 40
4188 3 15
4227 2 22
4176 4 30
831 3 60
3521 1 54
5957 2 34
1956 4 60
686 3 59
3694 4 20
5459 3 49
4931 5 11
3282 5 11
341 2 44
5148 5 25
1767 2 44
4296 1 13
1279 4 18
5924 5 52
422 4 22
4802 5 41
3193 1 30
5036 5 51
2615 3 20
2561 3 25
1137 4 19
5712 3 20
3882 2 38
1161 1 44
2444 3 25
1316 2 33
3975 5 14
4252 5 35
2600 4 34
4217 4 40
5992 1 60
462 2 38
4665 1 56
1025 3 14
3535 3 51
2030 5 59
5236 1 37
2112 2 10
3262 4 15
5120 1 35
3343 4 49
3169 1 16
2468 1 25
83 1 46
1322 1 17
2668 1 30
1285 1 13
4443 2 41
3556 1 43
1611 4 55
4073 1 52
2293 2 15
1442 3 42
4031 4 18
5639 1 35
1746 1 35
2657 5 44
1519 2 24
2053 2 17
3205 5 30
62 4 25
3854 2 39
3791 1 60
4851 5 46
3845 5 34
2806 5 37
100 4 55
1997 2 25
5818 5 24
5049 3 38
2576 2 52
5168 3 30
2602 3 19
5561 1 33
1175 4 51
1163 4 30
572 5 33
4123 1 58
3769 3 58
3865 5 52
3283 5 57
200 3 31
4401 4 18
689 3 54
4193 1 18
2290 2 28
4869 1 40
4391 4 43
2019 2 47
4352 1 60
4204 5 22
526 4 51
4597 2 37
5757 5 58
516 4 32
453 3 46
2747 3 49
5912 1 57
1049 5 12
402 5 55
4063 4 56
3673 1 15
5645 1 60
4825 3 57
2042 4 46
705 2 24
2824 4 25
1124 4 26
5307 4 21
3417 4 47
1628 1 22
472 2 13
1014 5 23
5297 3 13
2486 5 46
2327 5 11
1232 1 24
2153 4 35
900 4 45
1896 5 59
1260 3 37
4303 4 22
3620 1 57
5139 4 43
3467 3 31
5222 5 56
2588 3 34
1054 5 12
5281 5 22
3759 2 19
4259 2 10
248 1 30
250 2 49
1126 5 36
659 1 51
2496 2 42
861 3 55
4365 3 33
4929 3 42
2677 5 25
2032 2 40
3335 2 23
829 3 41
3503 3 43
4264 2 20
1845 1 17
2554 1 17
1459 1 23
5423 5 21
2415 3 42
2971 2 39
5316 1 60
4824 2 30
5060 1 20
3876 1 20
4458 5 24
958 2 17
289 1 32
2751 5 29
3038 2 16
3403 5 49
4567 5 26
4178 4 39
3130 4 21
5690 2 20
2097 4 35
5042 3 59
3165 1 47
293 2 21
343 1 19
575 2 21
1445 2 52
67 5 53
2075 4 40
848 5 44
4583 4 41
5509 5 23
4474 3 48
4322 3 36
1386 3 39
631 4 29
1491 5 13
3723 4 54
1060 4 34
2106 1 25
118 4 41
3423 1 53
5879 2 49
93 5 12
968 2 20
869 5 43
605 2 33
5038 3 28
2322 5 22
5378 2 32
1655 1 38
2654 5 31
5984 2 56
895 1 16
1212 1 59
3522 3 30
2469 1 22
140 5 31
525 1 41
1184 2 19
4485 2 24
4623 2 58
4747 5 17
5508 3 47
1870 3 39
5361 2 49
3002 5 33
123 4 50
4376 5 21
3336 1 55
791 1 34
2922 5 50
1408 4 20
5238 4 46
1128 1 48
3418 2 12
938 1 52
859 5 29
2509 2 40
1372 5 60
2222 5 31
991 1 47
3375 5 28
4019 1 17
90 5 52
534 1 57
741 1 36
5786 2 23
1781 4 37
3371 2 22
2566 4 24
2506 1 43
880 1 38
864 5 54
771 3 18
4479 1 53
5330 1 13
3036 3 54
3337 2 37
756 1 32
807 5 13
4468 3 49
3219 1 28
4809 1 42
4712 4 48
4770 3 24
1306 1 48
4684 4 11
1348 1 24
3178 2 19
3632 5 15
1752 1 37
3691 3 43
5495 4 32
2807 2 10
542 4 56
1344 4 55
3862 2 30
3393 3 24
3475 1 55
4090 4 17
3502 5 24
928 3 52
3023 1 41
1836 1 30
2180 3 18
730 5 16
1892 5 27
2418 3 31
2504 4 43
210 1 42
5621 5 41
322 4 32
5800 3 36
2810 3 37
5500 3 54
2341 5 33
80 5 24
4070 5 56
4861 3 46
887 5 14
5141 3 54
957 1 23
3670 4 47
4695 3 27
5013 2 22
974 4 17
5980 5 24
4729 4 13
1106 1 16
2261 1 45
865 4 24
3068 3 24
3080 1 33
4050 2 46
4018 3 15
1217 1 23
1667 4 36
2038 4 15
5476 5 45
5532 4 58
4053 3 18
3063 5 11
5190 1 54
5203 3 48
5381 1 38
1264 5 30
2797 4 43
5453 3 47
5544 3 21
4925 4 19
5971 5 48
521 3 19
2239 3 50
2625 1 40
3107 1 58
5821 5 28
3851 2 46
3031 4 25
5249 4 34
5933 1 56
5167 1 30
681 2 55
1223 5 36
238 5 14
4276 4 18
750 5 53
1362 5 43
814 4 48
4707 2 11
3639 2 29
5955 1 58
2216 1 21
5127 2 13
4512 2 56
3264 1 15
5177 5 36
4008 2 38
421 1 56
2067 1 14
3797 5 58
5416 2 14
743 3 38
3143 1 27
2229 5 23
5985 1 26
4405 4 46
4668 4 39
3835 4 53
2406 1 51
3681 2 45
5192 5 16
645 5 16
1790 1 26
3815 5 55
4052 1 58
5870 5 43
1912 3 25
1782 2 25
5101 3 54
4251 5 23
2547 1 15
5464 2 22
1906 1 58
727 3 37
2536 5 16
5270 1 50
3354 1 30
1709 4 14
56 4 35
369 1 58
3352 1 27
2966 3 49
857 4 16
5158 3 19
4919 1 24
175 5 29
5285 1 47
793 4 11
4168 1 15
3852 1 45
2933 4 23
1670 3 12
517 2 38
4436 4 36
703 3 29
834 1 15
3820 5 36
1206 1 31
3469 1 54
1827 5 11
258 3 16
547 1 41
3788 2 60
5743 4 21
4383 5 53
3810 3 24
510 1 35
2850 1 22
1967 4 29
3980 3 52
194 4 17
106 3 43
3866 2 10
4806 2 39
990 5 32
4942 2 48
5707 5 60
2155 5 51
5891 2 40
5279 2 37
5219 5 30
359 5 43
5662 1 14
1066 2 43
1475 2 32
2491 4 40
5513 2 27
1176 4 17
2350 2 22
5179 1 22
2141 4 14
5693 4 27
1768 3 36
413 4 53
2146 5 28
4223 5 26
618 5 16
3427 3 38
2369 4 29
823 4 30
1299 4 41
5758 5 57
4884 3 42
102 5 49
5082 4 33
5094 2 46
4093 4 34
3760 2 12
1356 1 11
3079 1 53
795 5 57
3951 4 20
4173 2 56
4606 3 33
1193 1 15
1112 3 18
765 4 29
3936 4 41
1687 1 59
5636 4 57
3106 1 24
890 5 11
2868 4 43
873 5 35
420 4 57
2008 5 57
5622 5 43
3160 5 15
1948 1 15
5156 5 48
2851 5 28
2168 5 22
1900 5 29
1650 4 60
2287 2 33
4214 4 54
5911 3 25
4087 2 57
149 4 45
5810 4 42
5981 1 42
3754 1 23
5193 2 36
2845 4 33
4879 3 32
5329 5 28
754 1 31
1254 4 17
2070 3 48
4934 5 49
3921 5 38
579 5 36
2148 3 55
4658 1 22
5858 2 46
483 1 42
984 4 58
5657 3 55
3817 3 24
350 1 10
2291 2 33
473 1 19
4467 5 38
2485 3 54
1241 2 37
3385 1 10
1879 5 59
4998 4 51
3901 2 27
4011 3 41
5785 2 35
5886 5 23
794 3 48
5205 1 26
2956 2 33
1127 2 52
336 1 11
4381 2 23
1228 3 60
1864 2 20
2649 1 56
1855 1 42
5600 3 49
2963 4 60
4465 5 12
5041 1 37
3241 4 46
4125 1 49
1207 3 37
5299 5 29
2174 2 33
5533 4 48
2420 5 57
2974 4 41
752 5 59
5960 4 44
2152 4 30
694 1 44
2546 5 57
154 1 14
5286 4 58
4094 2 55
5315 3 42
1771 1 27
1575 2 52
223 5 19
2890 4 39
2825 2 38
5171 2 47
1954 3 24
796 4 30
1765 4 34
5161 2 25
4321 5 57
155 3 59
2965 2 23
5362 3 15
3968 1 32
2379 5 17
3133 5 33
5441 4 53
3386 4 26
3518 5 39
3678 1 36
4629 3 18
3596 3 29
3824 3 45
4892 5 20
2210 4 30
139 1 59
2874 5 50
73 2 32
1256 2 22
3582 4 20
3780 4 28
2233 3 12
3974 4 15
2416 3 42
2788 3 59
3089 2 46
3948 2 29
5499 4 21
5702 4 44
4206 2 43
5388 1 37
5806 5 44
5169 1 14
157 1 41
671 5 56
3477 1 47
2753 2 53
1409 1 11
3633 2 20
919 2 27
5490 3 33
1915 4 51
808 4 52
2537 2 53
4943 1 43
1476 3 11
1951 4 43
3609 2 48
5643 5 27
4613 4 60
3332 4 44
2343 4 17
148 2 11
4796 1 18
4677 2 19
5226 4 28
3150 4 24
1860 5 28
416 2 34
3452 4 15
4873 4 16
5145 1 49
504 1 31
291 3 44
2707 4 36
2499 4 19
5849 4 10
1467 1 10
3984 4 41
4598 5 45
2906 5 33
1630 2 52
4153 1 60
5846 3 18
2777 2 46
2667 2 53
803 5 42
2958 4 44
3774 4 40
805 5 55
1078 2 40
5321 2 52
2856 1 37
2256 2 55
490 2 18
4402 5 36
2255 2 23
4577 1 19
4213 1 45
5265 2 17
655 4 21
4180 2 56
2337 2 35
5402 1 34
196 2 39
3015 4 41
166 4 50
4269 5 10
3195 4 32
81 5 59
3961 2 19
4304 3 48
2465 2 26
4800 3 31
1917 2 17
806 2 40
2217 4 30
1325 3 25
3237 5 36
1398 1 35
3550 3 43
4300 3 18
1970 3 34
1385 4 42
841 5 47
177 3 28
3013 3 25
5894 4 56
2854 4 40
2731 2 39
4810 4 36
2829 4 16
2741 1 28
88 2 15
623 2 58
5264 2 14
489 3 11
3240 2 38
4280 2 28
2730 4 31
3230 4 14
4660 2 38
738 4 49
2888 1 48
4772 1 24
4324 5 17
5220 1 40
2338 3 49
2446 4 14
1602 2 49
5564 4 30
3463 5 55
2417 2 58
578 2 44
4045 5 32
2782 1 27
2236 3 30
5494 3 44
4329 3 36
4842 1 53
759 3 41
2823 1 20
5019 5 40
3566 3 12
384 1 26
5716 5 60
3329 5 15
2462 1 57
4735 3 32
4156 4 54
3709 5 14
870 1 14
626 2 15
4621 4 36
3953 3 27
5098 3 13
432 3 27
3298 3 59
4033 3 14
5382 3 57
5253 2 56
253 2 41
5181 3 24
3514 4 20
1147 2 45
1804 5 40
851 5 30
4138 1 43
5016 4 53
3798 1 48
4676 2 20
5996 5 46
1271 2 12
819 3 39
2402 3 49
1139 4 26
2862 1 28
2631 2 52
5576 5 45
1738 3 55
3072 2 24
129 2 23
4996 1 31
283 4 16
4017 5 34
5774 3 54
1226 3 51
3970 1 57
4411 5 44
706 4 14
1929 2 46
5938 2 33
3271 3 56
5011 3 24
4708 2 12
3390 4 32
2523 5 52
5761 2 34
956 3 15
2745 4 43
3221 4 32
3210 4 21
3853 2 14
5340 1 16
2366 2 28
4480 1 21
2550 5 38
2682 2 44
1196 1 60
2344 1 26
4538 5 58
2372 2 52
4387 5 37
1499 5 30
1008 3 40
5602 3 46
2017 3 53
2712 1 29
1225 1 51
5442 5 12
497 2 51
2359 5 30
5948 3 14
3132 1 42
2001 3 57
2841 4 37
2138 2 22
4690 1 43
2370 2 24
3801 4 27
768 3 10
4494 4 20
4394 5 50
5920 2 12
778 2 57
4988 3 54
2027 3 49
1963 2 12
5078 1 19
2123 2 48
4451 1 31
1291 5 33
128 2 59
3077 5 21
815 1 36
615 2 50
1034 1 33
2434 2 23
1926 2 21
2103 1 39
5164 5 57
584 4 12
3930 2 55
5273 4 15
3320 4 44
2119 1 27
2676 3 58
858 2 21
419 1 60
5318 4 40
1052 5 34
5304 5 59
5952 4 57
3575 3 15
2571 4 13
5178 3 27
5652 5 14
908 1 49
5930 2 51
21 5 20
4109 2 44
444 5 10
4819 3 34
4828 5 24
256 5 46
2935 3 21
429 3 23
3353 3 58
1050 4 15
4210 1 48
3959 2 19
1701 5 14
3581 4 17
313 5 13
74 1 27
1456 3 16
5419 2 57
3861 1 56
