249
318 2 18
178 4 33
118 4 45
126 1 60
335 5 51
131 1 35
202 3 55
139 2 37
326 2 24
157 4 11
261 2 33
399 2 15
189 1 26
222 2 23
309 1 35
352 4 44
102 1 17
64 4 43
57 2 35
150 4 57
83 2 27
256 4 45
224 5 14
252 3 44
142 5 15
186 3 29
287 5 53
400 4 37
211 5 15
364 3 35
259 4 47
95 1 51
331 1 34
174 1 59
236 5 42
72 3 54
149 4 57
165 3 20
392 3 60
232 4 53
133 3 25
327 2 47
350 2 39
215 2 43
86 1 40
70 2 17
39 1 26
122 1 19
56 2 49
351 1 44
151 5 16
278 3 15
75 5 54
194 2 38
380 1 20
112 1 47
237 3 21
340 1 48
114 3 48
172 1 12
333 3 10
217 1 37
248 2 49
205 3 21
76 5 34
124 1 14
214 2 55
376 1 55
177 1 45
389 1 14
341 4 31
295 4 50
74 1 39
41 1 51
337 2 24
50 3 14
258 2 52
298 4 28
58 4 10
140 1 21
43 4 14
277 4 54
227 3 32
146 2 47
304 1 38
84 2 60
97 2 15
396 1 19
233 4 59
265 4 58
371 3 36
240 4 27
40 1 14
85 5 56
346 1 38
343 2 26
197 1 29
223 2 11
93 5 32
137 1 22
44 2 57
100 2 10
166 5 31
213 4 11
363 1 34
42 5 39
115 4 34
369 3 41
216 4 42
204 2 49
366 2 58
161 3 34
239 5 48
293 5 56
175 4 53
314 5 27
332 3 41
228 3 36
242 4 31
334 3 25
34 1 55
130 4 58
96 1 51
52 2 57
296 1 24
116 2 25
119 1 35
345 3 33
158 1 58
385 1 28
156 4 19
113 2 18
361 2 22
378 4 40
67 4 38
82 4 42
292 2 51
198 1 41
185 1 26
71 5 28
310 2 35
218 5 15
372 3 53
360 3 24
61 3 27
135 2 24
247 1 29
193 3 14
375 2 32
328 3 19
219 3 48
381 2 20
353 5 35
387 4 10
195 5 18
46 2 30
315 3 28
301 5 34
321 2 35
330 3 53
111 5 11
313 3 54
300 3 19
106 3 56
349 1 12
339 4 10
37 3 34
55 3 21
276 2 19
255 4 29
373 2 32
45 4 26
286 4 29
322 2 45
393 3 30
221 5 56
291 1 30
307 4 24
244 4 56
191 4 60
208 4 53
270 2 30
386 3 25
144 1 22
145 1 25
105 3 54
65 3 53
281 4 28
147 1 36
347 1 40
229 1 20
200 1 44
379 1 55
48 2 20
308 2 39
188 2 14
31 1 51
36 1 53
367 5 16
320 5 45
169 1 40
284 1 32
87 2 56
127 2 37
388 3 22
359 3 45
377 3 32
104 5 10
90 4 31
344 5 25
132 5 60
311 1 54
73 2 40
288 1 52
374 4 19
107 3 30
338 4 52
79 4 19
66 5 24
91 5 59
160 5 15
80 3 58
53 3 49
128 2 50
121 3 29
51 2 49
231 4 50
167 4 59
251 4 38
358 2 37
78 3 19
268 1 49
312 4 28
35 3 24
138 2 54
123 4 36
89 4 12
190 4 12
282 1 57
271 1 34
355 4 25
290 5 45
173 2 23
192 4 35
207 1 37
94 3 27
254 3 30
303 3 42
324 2 13
