120
77 1 41
115 4 40
168 3 35
43 1 10
383 1 21
114 2 49
290 1 34
358 3 40
318 5 24
269 3 55
351 3 27
300 5 35
362 5 41
185 3 56
203 3 31
256 5 17
380 5 15
322 1 20
357 5 10
213 2 56
222 3 15
194 1 34
345 2 46
239 1 47
190 5 12
86 3 15
131 2 55
369 3 12
79 2 23
88 4 48
229 1 25
263 5 42
377 3 45
240 5 36
288 1 41
51 5 26
174 2 33
225 2 27
92 2 36
162 2 50
217 1 35
313 3 27
307 1 11
125 2 19
365 1 39
280 2 11
214 1 27
392 1 41
40 5 37
368 5 41
112 2 29
373 5 38
283 2 58
120 2 45
255 3 13
344 5 33
134 2 34
107 5 10
116 2 44
196 3 22
232 3 39
32 3 30
129 1 15
124 4 58
243 2 20
371 1 12
35 1 27
191 5 43
267 3 41
50 3 36
209 5 11
346 5 36
37 5 55
237 5 43
325 3 43
52 3 11
74 3 25
76 1 32
41 4 18
208 3 35
354 1 21
170 1 24
363 1 26
165 4 11
39 5 18
375 1 17
230 5 23
154 1 35
164 1 39
65 5 42
386 4 55
251 4 24
55 5 13
303 2 10
82 4 27
89 4 37
236 3 23
30 4 60
292 4 34
63 2 45
158 4 32
398 2 13
289 4 48
197 2 25
204 4 31
266 5 59
146 1 16
282 4 51
294 4 16
252 1 44
201 1 22
326 2 51
179 3 50
227 4 41
72 4 39
210 1 58
110 3 31
399 4 37
106 1 39
207 2 60
