183
71 2 10
393 5 53
84 5 22
79 2 24
98 5 40
329 1 38
228 5 42
126 5 20
328 1 11
312 1 39
45 3 53
30 1 58
146 2 55
91 1 44
385 2 30
111 2 19
198 5 33
253 2 24
112 1 60
50 4 14
210 5 36
184 5 46
335 4 38
318 5 27
157 4 39
386 5 12
31 5 55
365 4 47
127 2 32
64 1 51
333 5 32
49 4 43
163 1 26
316 3 13
97 5 44
245 2 39
46 3 22
123 1 37
317 2 19
104 2 56
143 5 35
336 5 32
298 4 56
356 2 49
66 3 55
344 4 24
223 3 40
398 5 20
140 1 27
105 2 37
382 3 32
101 1 39
259 5 22
33 4 21
194 1 60
115 2 56
293 1 14
331 3 38
376 2 35
103 1 12
179 5 53
206 2 37
306 1 20
172 3 24
267 5 26
352 4 40
225 3 36
239 3 53
131 2 55
168 1 53
389 1 33
175 4 49
340 1 27
254 2 25
191 2 29
372 3 22
167 5 50
244 3 29
186 5 58
92 3 25
169 4 13
154 1 58
209 4 22
73 2 60
221 1 52
222 5 43
229 2 43
214 4 51
63 5 56
152 4 27
42 3 34
139 4 31
114 4 54
310 2 33
355 2 46
246 5 39
187 1 14
38 1 13
196 2 12
339 4 14
102 2 42
171 5 28
326 5 30
207 4 24
174 1 35
100 3 46
231 1 39
93 2 59
334 3 52
208 4 34
180 5 28
284 5 44
273 3 35
44 1 36
85 5 15
346 3 21
309 1 34
241 2 13
256 3 59
52 5 50
193 2 39
107 1 17
165 4 37
286 3 32
272 3 57
200 4 48
87 3 42
162 5 26
342 1 59
159 3 44
51 2 23
360 4 49
57 4 40
144 3 29
341 4 39
349 1 49
374 4 10
177 4 50
249 2 43
192 3 45
299 3 22
205 2 19
90 4 26
363 4 31
290 5 44
277 5 58
347 5 28
337 5 16
117 2 47
274 1 59
353 4 26
182 4 42
135 5 21
390 1 42
188 4 54
36 5 23
320 4 48
351 2 55
262 3 51
77 3 43
158 1 36
391 2 13
53 3 28
377 5 23
296 2 28
304 4 59
237 3 10
307 4 47
80 5 17
227 4 14
399 3 42
381 4 55
362 4 50
384 4 36
54 5 55
278 3 53
106 3 22
202 2 15
55 3 23
380 5 34
261 5 25
303 4 39
176 1 38
