1477
2168 2 16
1698 2 15
1452 2 13
1474 2 17
1553 2 14
1772 1 11
1030 1 12
2681 3 19
1542 2 18
123 2 17
976 2 11
1002 2 15
1726 3 20
2332 1 14
233 1 20
897 2 16
2678 2 10
2516 3 20
2726 2 18
198 2 14
2908 2 15
2945 1 14
909 3 15
760 3 20
1693 1 20
1390 1 19
460 3 10
36 3 13
2486 1 17
455 2 10
409 2 13
2012 3 11
1218 2 11
2934 3 16
603 2 12
349 1 13
1659 2 10
2290 2 19
2985 3 10
2452 1 19
548 2 14
437 2 18
122 1 18
2221 1 16
1534 3 13
2118 2 12
1113 1 17
2609 3 18
1166 2 13
2632 2 13
208 3 19
2269 1 17
264 2 10
886 2 15
2461 2 19
2733 3 12
1305 1 16
947 1 12
2469 1 11
381 1 18
681 1 18
1419 2 16
728 1 11
151 3 20
1916 3 17
1622 3 11
2984 2 17
490 3 19
741 3 19
1431 1 14
1293 3 12
2208 1 12
2817 1 15
1425 3 19
1637 1 15
2992 3 12
878 3 12
61 2 17
1367 1 18
2508 3 18
1983 3 13
95 2 18
1991 1 15
931 2 13
1515 3 11
1652 3 10
748 2 20
2387 3 20
2210 3 11
2431 1 17
905 3 13
2109 1 15
713 1 14
175 3 12
1670 3 19
1822 3 18
1775 2 12
2603 2 11
201 2 19
1067 2 12
2286 3 20
1793 1 10
2067 2 10
2376 2 14
831 2 11
236 1 16
2821 1 14
1840 3 14
723 2 18
672 1 14
1224 1 10
1413 1 15
2663 2 20
2040 2 20
407 1 11
591 2 13
141 3 12
1125 2 19
2855 2 17
1143 2 19
367 2 12
371 2 14
2668 2 17
959 2 19
107 1 12
944 3 14
334 1 10
2324 3 11
2200 2 13
438 2 10
844 3 17
314 2 16
1896 2 17
2470 2 16
339 3 17
2185 1 14
1338 2 15
194 2 14
423 1 20
1284 3 17
473 1 10
1509 3 10
2091 1 14
1579 2 16
2255 1 18
1020 3 11
117 2 16
540 2 18
2123 2 13
2466 1 13
1191 1 12
1469 3 20
449 3 17
2343 1 14
1631 2 11
1164 3 14
1019 3 18
652 3 19
2756 1 19
1774 3 20
1520 2 18
1060 1 13
848 1 15
1748 2 12
1990 2 15
2135 3 18
2476 2 10
1448 3 20
2671 3 13
1512 1 20
2765 3 17
594 2 14
1270 1 13
2230 2 18
1313 1 11
1612 3 10
2241 1 13
2566 1 16
2153 3 20
1550 3 12
2995 2 15
838 3 19
1459 3 17
1788 2 13
428 2 20
1846 2 20
1042 2 15
815 2 16
359 1 15
1878 3 12
2691 1 14
2454 3 15
2963 2 18
670 1 17
1165 3 17
1393 3 14
2558 3 10
2316 1 17
862 3 11
1100 2 19
485 1 11
2002 1 15
412 1 14
2033 3 13
1116 3 20
2110 1 19
2982 1 20
2423 3 16
2361 3 18
2935 1 20
171 1 18
803 1 15
361 2 15
574 1 10
2331 2 19
2579 1 11
2014 1 10
1813 3 20
1181 3 15
270 1 19
2074 1 11
1288 1 14
1925 1 17
2599 1 13
2283 1 19
2557 3 19
199 1 16
2976 3 12
168 1 11
2868 2 14
1427 2 12
2893 2 12
1246 2 16
2640 2 12
1728 2 20
318 2 15
2373 1 18
1301 3 20
2947 1 15
2217 2 15
2683 2 14
1541 2 17
2802 3 18
1585 3 19
583 1 10
2924 3 10
1498 1 14
308 2 20
216 3 17
309 3 15
1934 1 16
1871 3 18
2753 2 10
2759 1 11
1532 1 12
2916 3 20
1323 2 18
2433 3 11
1154 1 12
1745 2 10
162 2 10
735 2 13
391 3 15
1340 3 11
295 1 11
2827 1 14
2081 3 14
2062 1 18
1391 3 16
298 2 17
330 1 12
1640 1 20
1735 1 16
1999 3 15
2512 1 14
1931 2 11
1085 2 17
769 3 15
338 1 13
1780 3 17
105 3 16
805 2 19
2863 2 18
2030 1 16
74 2 18
1753 2 17
695 2 20
671 1 20
1751 1 20
781 3 17
1759 2 17
1976 3 19
2143 1 10
1505 1 20
2819 1 11
963 1 16
2256 1 20
222 1 16
1531 3 14
2253 1 13
739 3 11
2900 3 17
2788 1 14
2282 3 11
2524 1 10
2977 3 18
2954 1 15
2436 1 20
1278 2 16
1495 3 19
365 1 10
58 1 16
2495 1 16
224 2 16
2354 1 10
2962 2 12
1633 3 20
1771 2 14
2412 2 15
204 1 13
1245 3 19
1807 3 14
978 2 10
877 2 19
2240 2 12
392 2 15
1358 3 17
638 3 13
345 2 13
1954 3 14
2416 1 18
2547 2 18
828 3 11
954 3 10
1364 3 19
1185 1 12
1529 2 10
2301 3 19
518 2 18
922 2 17
926 2 11
2651 2 18
1091 2 10
514 2 18
401 2 10
1115 1 20
492 1 18
2187 1 17
1262 2 19
2580 1 11
832 1 17
710 3 19
1132 1 11
2319 3 15
1151 2 14
1325 2 19
2378 2 12
1196 3 14
104 2 11
1696 2 18
1221 1 11
2922 3 14
2915 3 15
421 2 13
2232 2 20
636 1 16
1145 2 12
81 1 20
1454 2 10
2576 3 11
2193 1 13
1455 2 19
1263 2 15
2260 3 14
783 1 17
1118 2 17
124 1 19
2405 3 20
2550 2 15
179 3 17
1891 1 12
167 1 20
1008 3 11
2960 1 19
930 1 16
753 2 14
1785 3 10
2956 3 16
772 2 14
1710 3 14
904 1 11
790 1 18
2099 1 10
2401 3 17
1171 3 12
1919 3 16
432 3 12
2810 2 17
252 3 14
1101 1 16
2600 2 19
1899 1 13
1054 3 18
1747 1 17
1213 2 17
176 1 18
1709 2 15
70 2 15
861 2 16
173 2 14
340 3 17
1022 2 15
415 3 12
363 2 11
2794 2 15
1946 1 15
685 2 14
2860 1 15
285 3 14
743 1 20
2899 1 18
2008 2 10
1583 2 19
1451 3 10
2889 1 13
673 3 11
2660 2 19
2016 1 19
530 3 17
1148 1 12
809 2 20
888 2 14
2779 1 14
497 2 18
1959 1 18
2386 3 18
1577 1 18
1494 2 18
1128 2 19
2618 2 20
2497 2 13
2242 1 13
491 2 13
1555 1 13
425 2 16
1217 2 11
2839 1 15
623 1 19
1000 2 18
1941 3 17
2145 1 14
2218 1 15
1632 2 16
1063 1 16
253 3 11
2983 1 11
680 1 14
1461 2 18
1545 3 18
2247 1 10
2990 1 11
1043 1 12
795 1 20
2624 2 10
2938 3 16
1915 1 14
1228 2 20
1012 3 14
2966 2 18
1083 2 17
2352 1 16
889 1 12
419 1 17
1841 3 17
2489 1 14
658 3 13
979 1 17
60 2 13
2291 3 17
2442 1 15
48 1 15
1842 2 18
791 2 20
1254 3 20
804 2 15
1402 2 16
258 3 20
833 3 15
2752 1 17
2937 3 11
319 2 17
2529 1 12
874 2 11
467 2 14
1065 3 12
498 2 19
82 1 20
2480 3 11
2254 3 16
418 1 17
2650 2 19
506 2 16
1384 1 14
1223 1 12
1471 2 12
1893 1 11
1282 2 11
644 1 12
1026 3 17
225 1 14
1310 2 11
855 1 11
1281 2 15
1708 2 10
734 2 12
436 3 17
1242 1 13
990 2 15
2596 3 15
2468 1 13
1571 3 14
2720 2 11
967 1 11
398 2 13
566 2 20
1552 3 10
2492 2 13
1997 2 19
426 3 12
149 1 19
970 1 12
1560 2 18
1803 1 19
108 3 17
2029 3 13
280 1 18
2275 2 13
42 3 11
207 2 16
2933 2 13
1197 1 20
1518 3 11
676 1 20
2487 1 12
2503 1 20
343 3 14
1099 2 18
1591 2 17
2358 1 10
1687 3 16
137 3 18
1140 2 19
2429 2 11
2377 2 11
2897 2 18
2262 1 12
1740 2 14
2729 2 17
2890 1 11
1695 1 13
722 3 14
627 2 12
2463 2 16
2160 1 10
1051 3 13
2263 3 14
1502 2 12
1849 1 14
2083 1 19
1616 1 12
1064 3 17
2735 3 18
2152 1 15
1302 2 10
238 1 18
2041 2 19
2946 2 16
2957 3 15
2510 1 18
22 1 11
938 1 13
2303 3 10
1211 2 19
2881 1 13
1109 2 19
1678 2 18
1746 3 20
1628 1 20
1149 2 14
2872 3 12
2785 1 10
2522 2 11
2167 1 14
2292 3 10
1346 1 20
2996 3 16
1958 3 14
2787 1 11
1619 1 20
2608 1 13
2606 2 10
1519 3 15
2059 3 19
2652 1 19
682 1 19
1719 2 20
2768 2 20
1193 1 20
1230 1 17
683 3 16
369 2 13
708 2 10
128 1 20
2523 2 13
633 3 16
1522 1 19
355 2 10
1186 1 16
881 2 20
2526 3 17
1800 1 20
1937 1 11
109 1 11
1564 3 11
2822 3 16
1383 1 14
898 1 17
1331 1 14
1972 3 12
1348 2 12
180 1 13
452 2 15
1082 3 14
1533 3 10
686 2 11
2716 3 18
1827 1 11
1088 2 19
2952 3 10
394 1 11
2284 2 16
2535 3 18
1686 3 17
2741 1 14
1184 3 18
2661 1 20
46 3 14
2987 2 12
177 2 13
572 1 10
2137 1 14
559 1 18
1669 3 20
1861 3 12
1169 3 18
38 2 19
145 3 14
1463 2 17
2097 3 19
1769 3 16
2974 2 19
1601 1 15
1684 2 20
261 1 12
1869 3 12
1928 3 18
2638 3 15
1594 2 13
2973 1 10
2796 2 20
1926 2 12
2105 1 15
1009 3 10
1326 3 14
872 3 13
929 1 11
2023 2 10
1456 2 17
1922 1 12
2313 1 11
2812 3 20
1258 3 14
2479 1 10
44 3 10
1396 1 20
1939 2 19
2344 3 10
227 1 17
1111 1 11
2038 3 14
2532 1 15
196 3 18
130 3 16
1544 3 18
2277 2 12
562 2 11
667 3 15
488 1 12
1750 3 17
1888 3 20
2886 2 14
230 1 11
325 3 18
342 1 18
115 2 11
138 1 11
2306 2 18
1966 1 11
2721 3 20
1119 1 15
2657 3 16
283 1 20
1974 3 19
941 1 18
2731 3 20
759 3 13
989 1 15
2312 2 11
2611 1 10
505 1 20
2180 1 13
2772 1 17
2647 1 11
322 2 19
266 2 16
2543 1 10
1077 2 14
2161 3 15
34 1 18
1635 1 12
1372 3 14
1475 1 12
1234 2 12
836 3 12
1153 3 15
2155 2 19
2793 1 12
1517 1 16
2693 2 20
754 3 19
1453 2 19
390 1 14
1324 1 17
1467 3 19
1661 1 13
2483 1 19
1527 3 16
629 2 17
1093 2 20
2767 2 10
1854 2 20
622 3 15
2196 3 13
561 1 11
2627 2 10
1354 2 20
2850 1 10
2820 3 20
442 1 16
2201 2 18
2582 3 20
1554 1 18
2072 2 11
1852 1 20
579 1 20
1794 3 18
843 1 13
83 1 12
2418 3 19
1656 1 20
2616 1 14
928 2 12
740 1 19
1144 3 16
2809 1 15
56 3 11
2108 1 19
1260 1 12
1285 1 11
1744 3 10
830 3 14
647 1 18
2607 2 12
2713 1 14
1462 2 14
2146 3 19
1480 3 19
659 3 18
1141 2 17
2111 3 15
2537 1 16
1818 1 13
1133 1 10
2895 3 17
810 2 10
1237 1 18
2069 3 11
942 1 10
2399 1 20
147 3 14
1095 1 18
1204 1 13
1816 3 20
77 1 14
1103 1 13
2878 2 12
1314 1 13
1762 2 11
2493 3 18
1444 1 17
1106 3 14
1207 3 11
1370 3 20
948 2 15
1799 3 15
1604 3 12
2104 3 12
1614 1 13
973 1 14
2435 2 15
1645 2 17
1766 2 12
606 3 17
76 2 11
916 1 18
1565 1 11
1317 2 16
794 3 10
1731 2 10
2388 3 18
2798 1 10
854 1 11
190 3 15
2545 2 15
755 3 17
315 2 17
554 1 19
1308 3 18
549 1 19
890 1 14
112 3 13
529 1 10
1876 3 11
2551 2 17
41 3 17
1345 1 18
604 3 15
985 1 20
2840 3 16
1895 2 17
2015 1 10
1566 3 18
2456 1 13
1496 2 15
2355 1 18
2223 2 16
1913 1 13
2536 2 13
67 2 15
1428 3 20
2852 1 10
528 2 10
766 2 10
403 1 16
1222 3 10
1096 1 13
910 3 17
1389 3 10
964 1 18
2293 2 11
1562 3 14
2775 1 10
2766 3 16
2669 1 11
1500 2 11
2642 3 12
608 3 14
2234 2 12
921 2 18
2980 1 18
1243 3 19
796 1 17
2080 3 16
1797 3 18
2662 2 18
186 3 17
1907 3 12
1072 3 10
816 2 19
714 1 12
499 2 14
536 3 10
744 2 10
51 1 10
1287 3 20
2955 2 11
1730 3 16
1135 3 18
424 2 15
88 2 20
1231 1 14
1889 1 19
1886 3 13
289 2 20
762 3 13
64 3 14
1513 1 15
1013 1 16
502 3 20
1219 3 17
2786 3 15
788 1 16
684 1 10
2195 2 12
1581 2 12
87 3 18
1558 2 11
1049 3 11
234 3 10
799 3 14
1052 1 19
1945 1 18
2075 1 16
567 3 11
731 2 18
2718 2 12
157 2 20
75 2 13
2703 3 11
242 3 13
430 2 13
32 2 13
2755 1 15
2061 2 14
417 1 14
2654 1 20
2086 1 12
2975 1 15
2648 2 16
496 3 18
2441 2 11
1511 3 17
192 2 18
824 1 18
2329 1 16
2856 3 16
807 3 11
1312 2 19
2828 1 19
732 3 14
2190 2 12
2142 1 20
1409 1 18
1737 2 20
1055 2 14
516 2 20
1482 1 10
534 1 10
1381 1 19
1713 1 17
1912 2 12
169 3 20
2927 1 20
701 3 15
223 3 14
2792 1 10
2597 3 10
1508 1 18
1130 1 11
2841 3 10
2739 2 15
1439 3 12
1236 3 14
441 3 19
2704 3 14
556 2 19
1663 1 13
1139 2 13
2484 1 12
746 2 17
2520 3 17
100 2 11
1935 2 15
570 2 13
2082 3 16
2133 2 19
669 1 10
1136 2 15
526 3 18
2815 2 14
1754 3 11
2464 3 18
461 1 20
2875 1 19
800 3 11
2471 3 20
1590 3 14
569 1 13
1727 1 19
690 3 17
634 3 14
880 3 18
1486 3 18
304 1 10
2164 3 10
2951 3 15
962 1 19
1738 1 14
1722 2 20
202 2 12
2403 3 16
2585 2 12
205 1 14
2903 3 11
2356 1 11
1716 2 18
648 1 12
654 1 18
1156 2 11
281 1 18
1629 2 14
2362 2 18
2325 3 13
1883 3 14
2173 1 11
1476 3 13
1714 1 15
1158 3 20
2139 2 12
220 1 13
1256 1 14
1742 1 20
1758 2 16
1295 1 18
977 2 14
393 3 20
521 2 19
677 1 11
2084 2 15
2225 3 11
2679 2 17
2873 3 20
2591 1 12
2572 2 17
544 1 16
410 1 16
170 3 11
2844 1 10
2727 1 13
2770 2 17
894 3 10
1025 3 16
940 1 14
2126 1 16
2774 2 20
1329 1 12
2199 2 15
489 3 20
2823 2 12
592 2 11
2379 1 15
1617 2 11
2499 2 16
1865 3 16
611 1 17
965 2 11
866 3 17
1995 1 10
2902 3 13
2357 1 17
662 3 18
1933 2 10
527 2 14
2120 1 20
2744 3 11
2315 2 12
31 2 13
706 2 13
1493 2 10
2300 3 18
2589 2 19
2697 1 11
537 2 13
2194 2 13
2581 2 19
354 1 19
2443 3 11
2473 2 12
2615 2 10
1691 1 11
568 1 15
975 2 19
1491 3 10
718 3 10
1029 1 14
2166 2 11
1360 3 13
664 3 12
1910 2 19
1589 2 13
50 1 17
2131 3 10
2773 2 16
1930 1 17
1831 1 16
1274 2 15
2614 2 20
464 2 17
2505 3 14
2302 3 15
2667 3 16
2453 2 19
284 1 15
1712 3 17
547 3 14
1862 1 19
1808 1 15
849 3 17
143 2 12
306 3 13
1867 1 14
758 3 19
2709 1 17
2410 3 18
2213 3 14
1078 2 19
2467 1 13
370 3 16
2777 1 19
1400 2 12
601 1 17
1773 3 16
1892 1 10
1352 3 14
2272 1 16
827 3 14
1445 3 13
1681 3 20
2220 1 19
1610 2 17
353 2 10
2025 1 19
129 2 10
2233 1 19
770 2 16
2784 2 12
1578 3 20
1024 2 15
197 3 16
2188 1 14
348 1 15
1294 3 17
2060 3 18
1210 2 12
1010 1 10
188 2 18
1592 1 18
2906 2 10
2696 3 14
1649 3 13
914 1 19
193 1 11
303 2 20
852 3 16
712 1 15
2430 1 15
1436 3 18
1965 3 14
2824 2 15
1157 1 10
903 1 10
1457 3 18
2711 2 11
1198 2 19
389 3 19
2064 2 10
2511 2 19
1005 1 11
1058 3 12
2304 3 17
1898 2 18
1040 3 14
1600 1 19
1706 2 16
2911 1 19
1699 1 10
1660 3 20
1723 1 18
2458 3 12
1177 3 18
2244 2 15
937 1 14
2921 3 12
1059 1 20
1530 2 11
1875 2 17
337 2 16
1435 3 18
512 1 18
1904 3 18
2055 1 11
768 1 20
1252 3 17
246 3 10
1911 1 11
2494 3 10
2874 3 20
1330 2 19
2686 2 11
612 1 15
2093 3 16
1615 2 19
1296 2 20
2372 1 20
1283 2 17
1739 1 13
212 3 10
1178 3 17
1752 1 15
2509 3 20
651 3 14
1811 2 17
1079 1 12
2159 3 10
958 2 20
1492 2 10
1392 3 10
902 3 19
1672 1 15
691 3 19
2450 2 13
1056 2 15
2695 1 11
1626 1 13
1667 3 10
2274 2 15
1038 3 17
2944 1 14
2541 3 13
2070 3 17
153 3 15
2971 1 19
1994 1 17
336 3 13
1027 2 10
2021 2 17
405 1 16
1887 1 18
2323 2 12
2049 1 20
1549 1 12
1167 1 19
332 3 15
1951 3 11
1523 1 10
1857 3 17
2065 1 19
2965 3 11
1582 1 13
1538 3 15
357 2 13
2385 1 20
2020 3 19
798 3 12
454 2 18
217 1 20
2349 3 13
1668 3 17
842 2 12
292 3 16
2035 1 13
2089 3 10
479 1 10
778 2 18
1173 3 19
1870 3 15
1964 2 15
1233 1 12
2001 3 20
1873 1 14
2198 1 13
429 3 16
2677 3 19
2044 3 16
1618 2 15
645 2 20
2969 2 14
1264 2 10
111 1 11
1778 1 10
2179 1 19
856 1 20
535 3 11
2077 2 15
679 1 19
639 1 18
1087 3 14
214 3 16
2087 3 10
2267 1 12
133 3 12
2448 3 15
47 2 17
525 2 13
1575 2 19
125 3 13
2504 2 20
1479 2 13
1421 2 13
211 2 20
2835 2 17
2297 2 11
2569 1 17
700 1 11
1671 3 17
1593 1 11
2883 2 20
1996 2 11
2047 3 18
2594 2 11
2174 2 18
513 1 12
2112 3 18
2805 3 10
364 1 14
1570 2 17
2475 3 18
209 2 19
2124 1 18
1674 1 12
2391 1 18
1768 2 17
2305 2 18
729 1 13
1205 1 10
1676 1 19
771 1 13
1440 2 19
2320 1 11
687 3 17
858 2 10
939 2 17
635 3 19
279 1 17
2807 3 19
2421 1 19
1244 1 13
1147 2 11
1602 2 20
2870 2 12
358 1 16
482 1 17
1563 1 14
228 2 12
2102 3 14
1685 3 13
469 3 12
2518 3 20
262 2 16
377 2 20
1636 2 19
1851 3 15
362 3 11
163 3 16
1643 2 12
2795 1 20
78 1 15
1998 3 13
2206 1 20
1705 2 11
1176 2 13
577 3 18
2117 2 12
2204 2 13
2715 1 17
317 2 11
1375 2 15
564 3 13
2425 3 14
1700 3 16
2052 1 20
159 3 20
2046 2 17
761 1 17
819 2 16
767 2 20
2192 3 16
1884 3 14
2605 2 13
69 3 14
453 1 13
2176 2 11
1159 3 19
1017 3 15
2940 2 17
256 1 19
1689 1 11
184 2 10
802 2 17
2149 3 11
294 3 14
2251 1 10
1977 2 14
1297 3 10
2440 3 13
1066 2 16
30 1 20
2592 1 10
2154 2 11
1717 3 18
2670 3 19
380 2 10
966 2 20
1311 1 10
2004 2 20
558 2 12
2598 3 14
2005 2 16
2829 3 10
2266 3 15
2455 3 10
589 2 16
2098 2 12
1902 2 17
375 3 13
1830 1 18
2339 1 11
811 2 11
2367 3 16
2563 2 15
2307 3 16
775 2 20
250 1 17
2528 3 12
433 1 15
879 2 20
2138 3 17
749 2 16
1102 1 18
2411 3 12
860 3 15
716 2 14
1277 1 12
2521 2 19
1108 1 12
1403 3 19
2259 1 15
631 1 12
1528 3 12
2231 2 20
2625 1 12
2346 2 11
665 2 14
2970 1 16
585 3 20
1110 2 18
1489 2 20
1885 2 12
2567 2 14
988 1 20
508 2 15
2178 2 20
575 2 14
1090 3 13
587 3 19
2235 1 18
2919 3 20
1844 1 13
1112 3 11
181 2 15
1050 2 14
2846 1 13
637 2 12
68 1 20
2395 3 19
1967 3 20
1387 1 12
